0.23400000
0.10900000
0.18200000
0.28300000
0.25800000
0.25600000
0.25200000
0.19800000
0.47600000
0.35500000
0.43100000
0.39000000
0.27500000
0.20300000
0.13400000
0.28400000
0.35300000
0.14900000
0.17600000
0.13800000
0.27300000
0.22800000
0.16500000
0.14700000
0.10800000
0.11400000
0.10300000
0.10700000
0.27100000
0.35400000
0.35500000
0.11900000
0.20000000
0.18600000
0.14900000
0.10700000
0.11100000
0.11900000
0.23000000
0.29900000
0.24000000
0.10200000
0.14500000
0.22400000
0.10900000
0.26700000
0.18000000
0.10500000
0.20200000
0.29700000
0.22100000
0.13300000
0.17600000
0.12900000
0.15800000
0.12700000
0.18400000
0.11200000
0.17900000
0.15500000
0.26300000
0.21400000
0.38200000
0.12300000
0.41600000
0.16100000
0.20200000
0.21300000
0.24000000
0.23300000
0.12700000
0.29900000
0.44500000
0.19900000
0.11000000
0.19600000
0.20000000
0.30800000
0.21600000
0.37900000
0.22700000
0.36900000
0.10200000
0.24600000
0.21000000
0.18800000
0.19100000
0.21400000
0.30000000
0.29200000
0.11800000
0.17100000
0.26900000
0.35400000
0.15500000
0.41100000
0.31200000
0.36200000
0.42200000
0.59600000
0.19400000
0.28100000
0.21500000
0.35700000
0.28700000
0.15400000
0.13700000
0.14600000
0.15000000
0.41800000
0.14900000
0.21000000
0.23100000
0.35500000
0.21100000
0.27200000
0.22700000
0.13000000
0.37500000
0.18100000
0.23400000
0.21500000
0.21000000
0.21400000
0.15200000
0.22900000
0.37600000
0.17000000
0.16900000
0.19800000
0.40600000
0.18900000
0.16600000
0.14200000
0.19300000
0.18100000
0.13400000
0.13500000
0.14900000
0.23800000
0.15400000
0.28800000
0.13600000
0.25700000
0.20700000
0.20300000
0.22700000
0.41200000
0.28000000
0.21200000
0.15500000
0.12300000
0.18400000
0.35200000
0.14100000
0.23900000
0.55500000
0.19400000
0.23600000
0.12500000
0.18000000
0.38100000
0.18900000
0.17300000
0.19700000
0.21000000
0.23300000
0.20700000
0.21200000
0.19100000
0.26300000
0.24700000
0.55200000
0.17500000
0.31000000
0.28900000
0.22200000
0.17100000
0.17800000
0.12100000
0.18200000
0.59000000
0.12000000
0.34400000
0.82400000
0.51600000
0.24700000
0.30900000
0.52200000
0.23600000
0.16300000
0.25300000
0.34900000
0.19700000
0.40000000
0.25800000
0.35200000
0.81900000
0.23600000
0.27800000
0.13100000
0.25200000
0.17200000
0.16600000
0.34600000
0.12500000
0.15100000
0.21400000
0.13000000
0.12700000
0.17400000
0.28800000
0.24000000
0.12900000
0.13600000
0.36800000
0.14700000
0.35300000
0.18500000
0.19400000
0.48800000
0.14900000
0.28700000
0.22200000
0.19200000
0.34400000
0.14600000
0.21000000
0.34000000
0.37900000
0.11300000
0.62000000
0.44900000
0.13200000
0.29500000
0.37600000
0.16300000
0.22800000
0.14000000
0.21300000
0.29900000
0.22600000
0.26200000
0.18000000
0.23500000
0.27300000
0.16500000
0.26200000
0.30500000
0.27500000
0.32500000
0.24200000
0.18400000
0.10800000
0.16500000
0.14100000
0.12000000
0.26000000
0.17000000
0.36700000
0.30800000
0.36900000
0.29100000
0.37200000
0.40000000
0.23900000
0.17900000
0.44400000
0.29700000
0.14400000
0.12300000
0.16900000
0.22600000
0.27100000
0.21100000
0.21900000
0.19600000
0.57100000
0.45900000
0.11300000
0.26900000
0.22100000
0.28400000
0.25000000
0.30400000
0.40900000
0.40800000
0.21000000
0.13400000
0.17600000
0.17700000
0.24500000
0.52100000
0.26000000
0.22000000
0.21000000
0.20000000
0.22900000
0.27600000
0.16700000
0.13000000
0.24000000
0.18400000
0.35500000
0.20400000
0.27000000
0.32400000
0.28100000
0.16200000
0.25400000
0.19100000
0.33000000
0.15800000
0.17700000
0.43800000
0.16700000
0.33200000
0.17200000
0.45800000
0.28700000
0.29000000
0.33600000
0.19900000
0.16700000
0.16900000
0.29700000
0.32000000
0.27900000
0.22300000
0.34700000
0.23700000
0.61000000
0.29400000
0.31100000
0.23900000
0.27200000
0.19500000
0.48000000
0.12800000
0.16900000
0.15400000
0.19800000
0.21200000
0.32800000
0.14100000
0.15900000
0.31000000
0.26800000
0.32700000
0.19300000
0.41000000
0.22900000
0.17500000
0.30700000
0.21600000
0.22800000
0.37000000
0.17400000
0.20500000
0.17300000
0.35800000
0.13800000
0.14400000
0.16400000
0.17700000
0.21900000
0.22700000
0.14200000
0.39300000
0.25600000
0.31100000
0.35100000
0.18000000
0.14400000
0.17100000
0.35900000
0.26700000
0.44000000
0.15300000
0.13800000
0.36000000
0.33500000
0.40500000
0.65500000
0.21100000
0.14800000
0.15500000
0.17300000
0.24500000
0.22100000
0.43800000
0.19400000
0.19700000
0.29800000
0.16800000
0.15800000
0.24600000
0.35600000
0.19000000
0.10300000
0.22000000
0.23800000
0.16900000
0.33500000
0.31800000
0.13000000
0.29000000
0.22400000
0.29600000
0.19300000
0.26400000
0.24200000
0.32200000
0.22100000
0.19800000
0.17000000
0.24000000
0.17600000
0.24400000
0.56400000
0.15300000
0.65300000
0.42000000
0.10500000
0.12400000
0.47500000
0.77500000
0.23300000
0.25000000
0.40300000
0.14400000
0.25600000
0.40000000
0.14900000
0.16900000
0.17600000
0.16100000
0.24300000
0.12600000
0.42400000
0.11000000
0.13200000
0.34700000
0.20000000
0.18800000
0.21700000
0.38600000
0.34700000
0.22800000
0.10300000
0.27400000
0.31500000
0.15200000
0.14700000
0.20800000
0.17800000
0.13100000
0.24900000
0.45000000
0.31600000
0.58000000
0.19500000
0.49200000
0.27700000
0.23600000
0.18800000
0.19500000
0.18400000
0.25500000
0.57500000
0.20400000
0.37200000
0.22900000
0.37600000
0.15100000
0.27600000
0.33300000
0.15100000
0.30900000
0.18200000
0.24600000
0.23000000
0.18500000
0.18400000
0.48700000
0.15200000
0.18900000
0.25100000
0.18800000
0.35400000
0.16100000
0.42800000
0.11900000
0.84100000
0.47000000
0.34200000
0.24000000
0.20800000
0.26200000
0.17900000
0.26800000
0.17600000
0.26100000
0.32800000
0.26400000
0.18300000
0.20400000
0.31700000
0.44000000
0.48300000
0.18300000
0.38000000
0.22600000
0.20400000
0.53100000
0.70900000
0.29800000
0.48400000
0.34000000
0.12900000
0.17100000
0.29500000
0.17400000
0.28200000
0.21700000
0.40200000
0.20700000
0.18200000
0.23200000
0.24600000
0.36900000
0.18700000
0.13300000
0.22500000
0.15700000
0.35700000
0.15900000
0.19400000
0.29200000
0.21800000
0.36800000
0.43400000
0.15400000
0.21600000
0.37700000
0.42800000
0.27900000
0.42800000
0.12800000
0.16700000
0.36100000
0.23400000
0.26200000
0.14900000
0.27700000
0.26600000
0.23600000
0.41600000
0.27700000
0.14800000
0.30100000
0.26600000
0.58900000
0.27200000
0.21500000
0.27300000
0.15400000
0.27400000
0.21700000
0.58000000
0.17200000
0.15700000
0.15200000
0.19600000
0.55900000
0.32700000
0.37000000
0.17100000
0.24500000
0.10200000
0.12900000
0.18300000
0.19400000
0.20500000
0.22700000
0.29400000
0.14400000
0.12500000
0.23500000
0.25000000
0.13900000
0.35900000
0.21200000
0.33800000
0.47700000
0.17000000
0.11200000
0.25200000
0.54300000
0.24900000
0.40900000
0.15100000
0.38400000
0.46900000
0.25800000
0.20700000
0.14800000
0.32700000
0.17800000
0.27800000
0.20900000
0.18800000
0.26900000
0.25200000
0.35500000
0.25200000
0.13800000
0.14500000
0.24500000
0.11900000
0.12200000
0.20700000
0.12300000
0.25000000
0.17600000
0.24700000
0.32200000
0.14800000
0.30900000
0.13800000
0.36200000
0.16500000
0.23300000
0.42600000
0.25100000
0.19100000
0.27900000
0.27600000
0.31100000
0.11900000
0.13000000
0.47000000
0.51100000
0.32700000
0.11300000
0.31300000
0.14700000
0.31900000
0.44100000
0.23200000
0.18900000
0.23300000
0.24400000
0.17800000
0.24000000
0.10300000
0.38900000
0.13900000
0.20900000
0.54300000
0.26900000
0.47900000
0.10800000
0.16900000
0.31500000
0.23000000
0.42300000
0.37200000
0.12800000
0.55900000
0.11300000
0.32900000
0.21000000
0.13100000
0.16900000
0.42500000
0.14600000
0.29100000
0.22600000
0.26500000
0.22200000
0.21100000
0.15500000
0.27000000
0.39000000
0.12600000
0.18400000
0.59300000
0.19800000
0.23200000
0.16700000
0.26500000
0.33000000
0.33700000
0.11000000
0.53400000
0.26000000
0.20500000
0.22500000
0.50700000
0.25300000
0.46000000
0.19000000
0.51700000
0.14300000
0.48200000
0.22200000
0.17000000
0.33900000
0.77800000
0.14100000
0.14600000
0.22000000
0.14700000
0.66700000
0.43000000
0.11600000
0.48000000
0.35900000
0.32700000
0.37100000
0.28200000
0.15400000
0.22000000
0.15300000
0.21800000
0.26900000
