-1.86192001
-28.53273203
-27.47128521
0.44596446
27.75510705
28.67096189
4.58720324
-19.39851920
-22.11579192
-7.70089484
2.60560084
-1.47006784
-5.04530112
11.95493257
41.41040167
44.31295426
-6.27532205
-79.91684986
-102.16811167
-29.24457458
91.25980334
150.23907256
81.60571476
-63.71031556
-158.38662802
-119.43668097
13.26676109
119.96640841
117.10121029
26.95055635
-60.03376505
-77.29104829
-32.96457431
16.85731191
29.09905119
7.34202970
-12.78056141
-3.42552780
27.01329148
40.78980956
9.67062966
-48.20273972
-75.72530659
-33.20835682
50.30122784
94.93371026
51.32275130
-40.83800671
-89.90174859
-50.33852134
29.49684415
65.49881582
31.53043411
-21.29885298
-34.20502467
-6.89532652
16.26661883
9.28718058
-8.95035535
-10.28165236
2.90470291
7.42618673
-2.47028948
-6.85137887
7.35717417
22.44592833
11.83562583
-20.68995013
-39.62636024
-19.85192306
20.82442122
40.79252191
22.15106669
-11.27979610
-24.70550784
-11.46842220
5.61636334
6.35999854
-4.61405452
-9.67754323
-2.30610067
8.64456421
14.01605833
13.26734782
7.42759813
-6.27153493
-25.03898283
-32.32097418
-12.11985223
25.72487774
46.12140048
25.29046121
-17.59676536
-38.12196648
-18.29017989
11.86246733
13.45230689
-9.85993006
-16.87872857
13.36832934
47.01298189
33.57204357
-27.52950000
-76.63997412
-57.09546833
20.19640446
84.73933152
77.23354534
6.26144992
-64.62613433
-79.21570723
-35.50968472
22.76251207
52.09376104
43.94209021
19.39694308
-1.45204072
-18.00648542
-36.90094404
-49.01929369
-31.02699347
22.56568413
75.06893550
72.39000115
3.22114299
-73.75088945
-81.48667679
-9.70833419
65.45431711
61.81306752
-13.98265491
-70.82324690
-38.74346542
46.97384934
86.14417504
31.89415112
-56.26170707
-86.17586247
-37.76743663
28.18797321
53.17334452
39.48711674
19.69361725
1.39199572
-28.06592897
-56.72513808
-46.77470741
10.59811811
65.90020995
61.17219855
0.38732743
-52.46799147
-47.18569670
-0.62069238
31.82856779
22.83543566
-4.60285738
-15.32623529
-3.66425366
8.99481026
6.25507660
-5.55189808
-10.01567998
-1.96894473
8.01331282
7.46050714
-3.46026265
-11.74194439
-5.01524165
14.09264748
26.58296604
13.29608683
-22.83005126
-51.82084207
-41.47319486
8.61429092
61.99415040
78.10665108
45.84651381
-17.16091090
-84.75932664
-125.53637640
-97.38938590
22.29877783
178.48669904
238.88845773
105.97700381
-153.06898763
-324.08333403
-238.26081115
47.90409186
290.76808979
290.98061750
75.98986271
-151.52746775
-222.81518348
-138.10729159
-11.45067926
69.68907037
101.80601189
108.63473976
80.67990116
-1.73541746
-106.68522280
-152.49288238
-88.40093882
41.03019081
130.67606624
114.63178687
22.95388092
-59.09317169
-75.99453972
-41.06252100
-2.22093915
13.54742038
15.56930572
20.77321945
26.57739923
18.27975097
-5.48882998
-26.43313746
-27.33970139
-11.66453658
2.89462340
6.80214550
7.45139595
14.20938497
21.36646393
13.57942341
-11.31182138
-32.49668665
-26.99381388
0.92102540
20.93889693
13.36839383
-3.91799697
0.84069088
24.54637941
25.08599792
-20.14646960
-67.51477055
-48.76978582
36.11047663
97.88560695
56.38637298
-53.46955518
-109.48430972
-44.35982893
69.84899042
104.21254156
24.13707751
-74.69239842
-84.27323182
-7.17994491
60.05321002
49.31501351
-6.51290082
-30.19290873
-1.78958453
24.38103551
0.53206371
-46.42751712
-48.04840077
14.28529591
77.25184586
66.60474120
-13.17185938
-79.74888196
-65.15218523
9.02855929
60.24166882
40.35928229
-15.20535060
-37.41431849
-6.46535042
31.55011529
26.79175898
-14.76046428
-43.94105453
-29.45273764
10.35151522
36.49053315
33.68123821
15.49858128
-4.14382254
-25.72824669
-46.42547886
-44.28243262
0.50683124
66.76954003
92.61433736
34.46238099
-71.82733016
-126.71198501
-63.69890003
68.79103483
140.92594968
73.29688146
-69.80123596
-138.77404160
-59.11438397
81.74005194
127.55148938
29.10467509
-98.96067687
-110.55585235
2.95177246
106.45582947
83.35458415
-29.32055113
-92.95273936
-38.37664009
54.15553152
61.26342085
-24.95483900
-84.75055279
-24.39209525
93.90367176
116.54116926
-8.45048148
-148.15944812
-131.25714872
39.96189716
175.40681642
114.85076700
-77.48169501
-181.02307573
-75.60151916
117.60820923
177.94790137
39.50217843
-140.47477152
-168.29592840
-26.87316404
125.21776843
142.22422267
35.17657496
-73.70529433
-95.98623411
-45.51291156
14.31450729
45.06661098
44.97883488
21.56672848
-14.89987431
-39.43009116
-25.74477489
17.34498711
42.58069366
15.63900011
-37.83699251
-55.79427133
-12.45286344
48.61071915
63.40909267
19.36971518
-35.16888482
-49.54652451
-22.87174151
7.84712425
17.34357273
13.56085590
12.65318819
11.99795022
-0.15468587
-18.23698032
-20.66107684
-0.52886086
19.17642585
12.33781752
-14.55306600
-27.16516174
-5.95754376
27.65751905
36.40845813
11.87362906
-18.13966829
-26.70165068
-18.25102849
-13.14248214
-12.23466164
4.41050036
40.38348333
62.13602999
32.63948732
-37.13796367
-87.35238395
-68.69345000
4.36857734
68.09742114
73.62352610
28.56531054
-22.01426143
-42.91593080
-32.30488332
-9.92108277
4.82658827
5.34908737
0.40581434
6.36922305
27.46650027
41.16925082
16.50977391
-42.22932502
-81.29852801
-48.71206837
37.63795532
94.38040668
60.87848708
-28.47415780
-80.17224928
-47.12996297
23.20691482
52.84068839
23.96851998
-14.67795454
-20.95824257
-7.56438533
-7.05815698
-15.33872555
-0.41968223
37.88359671
51.57568492
6.25908575
-60.73427889
-73.64045202
-10.35193395
63.88200700
69.33561735
4.53683478
-54.00693687
-43.10029868
16.05676482
48.71896553
16.49005187
-41.42182514
-57.53354560
-11.71600703
51.38280108
72.29289279
32.83068496
-34.10797842
-76.80596145
-63.14617309
-1.00352994
65.14188361
82.14177056
30.92658722
-48.67957872
-84.87779454
-40.62349150
43.67617846
83.94729133
36.81402123
-52.42938861
-92.77285137
-39.67104583
58.79409398
108.66344487
60.93664231
-43.40291844
-113.55765333
-90.80027343
3.77695440
92.12488460
106.00510924
40.13564772
-48.56485664
-91.13102247
-62.38117293
4.67575319
54.23016621
55.36987984
19.05597916
-21.24215665
-37.67394223
-22.35876994
11.56670669
36.32268336
26.20911714
-18.00844733
-59.48366325
-51.88404716
12.96282023
85.23325450
95.83240980
23.23045096
-79.09116332
-126.81569917
-79.37348656
26.67270025
112.25100529
119.36674564
48.28117315
-50.59268571
-112.53018976
-98.57147712
-21.50380779
60.81440676
89.71675732
55.43092751
1.26658175
-26.84516114
-28.37343582
-34.19711766
-50.03040172
-38.71285586
24.78007575
97.01891096
97.50534052
5.85465237
-96.97926353
-109.45917181
-23.86530092
65.71540992
73.26968231
13.34798141
-32.41496615
-20.86775326
11.89833416
13.94553561
-12.13480420
-23.71961090
-4.75941038
14.09779675
5.48378854
-11.83240698
-0.85703621
34.26981982
43.90452580
-3.19116725
-69.18588786
-80.82525442
-13.47240852
74.61564252
100.79808204
42.82150167
-44.00536286
-88.09673551
-66.30189420
-8.20611502
44.75902658
68.98098145
56.84410896
10.68202124
-48.70769761
-80.67631633
-53.84717529
16.79612253
73.37111383
67.47714622
8.69017649
-45.86517773
-50.73687950
-14.70581659
17.68671243
18.90855274
2.92772614
-1.84295806
8.61795408
12.67805983
-3.16494325
-22.82603272
-20.31341048
5.70094246
27.74357081
21.28656514
-7.28526625
-29.20665351
-24.82905921
-0.25396053
24.35833509
33.78007225
23.24386296
-4.66505041
-38.20757940
-54.35287146
-31.86288194
24.16715276
74.48684722
73.38350692
11.77911222
-67.18929085
-100.08540402
-56.65614940
32.46167931
98.48153340
89.28343204
11.95352640
-71.81691816
-95.53767554
-43.22744818
37.47269234
77.95224929
49.65310341
-13.39033467
-51.36421660
-36.75258135
4.97296603
29.14804945
19.01600634
-4.52434307
-14.01763024
-5.87120415
3.04789605
1.26346312
-4.01560077
-0.12588534
11.46336057
15.18462616
1.15696761
-19.87166860
-25.81603564
-7.61754832
19.05152848
29.01066695
13.51320211
-11.44685796
-22.61177164
-12.52030641
5.82299777
14.29550571
6.70156111
-7.85705412
-14.54013964
-5.37164370
13.51442299
24.93197005
14.58478349
-13.33542043
-35.44672232
-29.33869456
3.03137007
34.49757180
37.83475473
11.38706249
-20.93292227
-33.22897397
-19.59489473
4.84794477
20.14661744
17.61562467
3.51851328
-9.09129394
-11.47265644
-4.46067340
4.64646299
9.03160707
6.60519130
-0.58161545
-8.78268270
-13.79452363
-11.47767796
0.19073777
17.46189889
29.21530960
22.33222440
-6.00811698
-39.10801883
-48.48533100
-18.95042179
31.03761917
59.63197201
39.82122645
-11.44900514
-47.51722754
-38.70677277
-1.60161904
22.49446546
15.04498194
-2.65877068
-2.14037583
13.37833433
15.41093788
-6.84070770
-26.95117900
-15.81281870
14.52802569
21.69852928
-8.71199691
-35.50780250
-11.32894803
48.12412424
70.42603271
12.93568552
-75.20881092
-100.10756583
-29.65053346
67.83400676
99.34836916
45.94377332
-28.80583180
-58.77424515
-40.66370567
-15.01672451
-4.30087045
6.99670203
33.71136871
55.67769397
38.57884633
-17.61465648
-67.97002427
-66.72868725
-15.25177819
40.50739192
57.32381259
33.23626910
-0.21003795
-16.04510259
-15.96558063
-18.15464588
-28.25929826
-29.16230994
-2.15792194
44.13330574
72.07286028
48.21874422
-19.88945900
-82.76273398
-88.81741156
-29.09036543
53.68278262
98.43902451
72.63178036
-3.90082299
-74.38322963
-87.75078294
-37.23535878
35.06320624
72.91810110
51.96835335
-3.10882248
-44.48385216
-43.64784912
-10.85888357
21.27120958
28.38579682
10.97651798
-11.55264741
-19.13260630
-7.12813125
10.83173810
16.59086528
6.04262290
-8.04924572
-13.04169835
-10.24488042
-6.18809248
2.44611307
20.91161708
34.44335008
14.73539187
-37.62395049
-71.79710770
-34.85870969
54.77654038
107.27598212
55.58632308
-60.21570321
-126.22358280
-75.50505451
41.72434685
115.68814261
89.32227778
0.74924519
-72.29888501
-86.19125938
-48.97230714
8.80154461
58.32892086
75.59581719
46.94343237
-13.94168137
-64.53704756
-66.07455274
-21.57864296
26.53285837
40.64642031
23.69890806
6.33527392
5.58432969
7.77816226
-6.66358749
-32.78594373
-44.31038723
-23.89051448
17.63607250
51.87829797
56.18332235
26.61368667
-21.84893370
-60.88164898
-62.31409727
-20.53018412
35.11135188
60.58464113
38.73502886
-3.09782848
-24.29048815
-16.63429921
-8.00916634
-18.94516563
-30.11411593
-7.80923074
42.82353242
70.18281598
33.68035595
-40.99310440
-81.59270299
-47.38918713
25.12837437
63.38144582
37.96757597
-11.69844615
-30.00576260
-8.84521786
11.63937596
-0.42828106
-27.39523648
-25.86529029
15.23072501
54.72468128
44.36236346
-12.78367008
-60.84393269
-51.31592118
3.58821017
45.98787199
37.38888941
-2.27650874
-24.25198769
-9.54466839
14.00339872
11.80310505
-13.80847031
-29.12732856
-12.62049472
19.31023142
33.32366081
17.45624285
-9.22807696
-21.96175776
-15.95609984
-4.17994984
2.91587014
6.98567566
11.83098505
12.79010905
2.90243247
-13.19067810
-19.92913694
-8.62756760
10.59689412
19.56836904
11.88026742
-3.09891040
-13.74406364
-16.41547208
-11.56729826
1.65649544
20.12779623
30.36275976
17.48609765
-15.56703331
-43.18147718
-38.42117349
-0.82415882
39.98486755
50.47841889
22.88887542
-20.19078884
-47.02141622
-40.58475869
-6.59862719
32.72373611
50.30127442
29.66829383
-18.53775481
-55.90539587
-45.35529844
9.53987022
59.55765510
55.14579864
-1.33060247
-55.65894172
-57.41958996
-10.32252064
37.12090153
45.46748113
19.89686974
-7.05266274
-16.18253458
-15.58719653
-18.49162135
-20.70315324
-7.68738532
21.11648908
44.63301051
39.68755050
4.74382017
-37.55159206
-58.80019426
-44.74565812
-2.19059060
46.14486737
72.18134274
55.93833705
-0.13544168
-65.21592023
-94.19180584
-59.59551944
21.69717648
93.91624189
102.52927517
38.42049963
-52.68213496
-105.41959941
-84.76256669
-9.33052629
66.95792749
94.98859444
61.14284303
-8.44838530
-67.64355947
-80.04057332
-41.15159794
20.57594154
64.30949996
63.98923383
23.22195671
-29.77146023
-60.72905618
-49.86160295
-4.57478969
43.20404963
57.68022490
27.23266205
-23.14048006
-50.88258475
-33.87379195
8.38980495
34.32360812
22.94070520
-5.55046970
-15.07642474
2.95916591
19.35447900
4.06351813
-32.54883354
-46.04250327
-9.28330117
49.64065320
70.84585923
26.30657032
-46.07448756
-78.06477934
-40.11846215
29.42956481
64.85530849
38.79036990
-15.15721949
-42.33168276
-23.34765223
12.07249608
23.32846012
3.60248545
-17.42091524
-11.88611509
12.93420586
24.32300755
4.37780803
-26.51472800
-30.98629798
2.17686960
41.34887753
42.32364058
-4.27874649
-57.86584561
-63.48107853
-6.21783109
68.37763821
91.26855322
33.76044265
-60.86717687
-111.21441998
-70.23333906
29.97902032
105.21399575
94.64934798
13.36885413
-67.10862498
-86.91859720
-45.27424119
13.21642352
47.01873457
46.90518750
26.62028472
0.72335644
-22.36664565
-34.48964298
-27.57864671
-3.28115088
21.90501804
27.23190991
7.22232842
-18.79284103
-20.97473389
9.75202125
43.37798136
34.11786710
-26.55167286
-84.46966608
-68.86450565
25.59932360
114.64397427
102.65692613
-10.69012467
-117.83431548
-111.41548979
0.19580405
100.61533314
91.17037625
-5.65510571
-79.31630918
-57.39151865
21.29216466
62.73681521
27.48997331
-33.86224899
-49.34753213
-8.06343982
36.97491817
36.66805801
-1.75762898
-32.54735488
-26.97484855
1.24154931
21.35784547
21.43939123
11.83053197
1.78513245
-12.62009095
-32.62995151
-39.78802302
-10.79790693
45.92457993
81.07786472
48.88899099
-36.21003076
-100.62857182
-81.96860632
4.28635124
79.11414763
81.84264169
27.03705811
-24.43208292
-37.30206136
-28.65371090
-27.23787668
-29.04912007
-8.21411529
37.64532773
72.74601661
59.64086274
0.82263259
-62.40388148
-86.68401043
-57.43698784
7.41636504
69.95425144
89.83790021
48.68055516
-28.10636428
-80.69952533
-64.79064479
1.16210662
49.58353601
34.96197585
-14.61576485
-30.44374190
12.21104562
58.96261801
39.16670296
-43.19092770
-101.91322972
-62.41468211
47.39272316
117.98903802
74.58768174
-39.37127551
-106.90838026
-62.71618798
39.06393775
87.54265159
36.06719301
-51.98452546
-78.00898188
-15.65643526
66.07153744
81.36901783
16.15716443
-64.55164292
-86.59626617
-34.96225517
41.47087872
79.86242285
55.20370627
-6.56908065
-55.77297457
-59.35235607
-22.74031446
21.04723592
41.95040720
34.19140684
11.61922427
-11.23954768
-28.15891330
-34.10348424
-20.28052396
14.08616228
47.43403754
46.31248913
0.48520471
-55.41321294
-67.39541493
-16.68801747
54.98607712
82.13094931
38.97283750
-36.62560247
-81.46805353
-63.83484948
-3.03639984
55.94161677
77.23823769
50.34094978
-9.38568325
-66.23023673
-80.49509662
-37.55123573
33.17180071
76.88139317
60.82331593
3.84799908
-44.27981896
-51.21921679
-25.77599276
3.08245103
19.54631849
26.77183667
27.48816579
14.32761483
-14.47921046
-39.64073227
-34.93895375
0.71054678
35.14536929
35.40908459
5.04207522
-20.38014884
-16.17486136
3.02536472
5.58696562
-13.18917625
-23.85088387
-2.79207022
33.20464316
44.32597882
15.47435768
-26.09906664
-43.36011487
-28.87550389
-4.36543857
11.02305799
18.93628873
27.88355742
33.37044207
21.12868960
-12.40376252
-49.65142559
-63.84316393
-40.23993445
12.27266417
65.58665345
87.38923096
59.18052779
-9.77265124
-81.59543575
-109.08909287
-68.50054219
17.96101581
93.21945659
107.07903440
55.00196522
-21.14154354
-70.90708101
-74.90257946
-49.18619525
-16.31990306
19.00513953
60.45357857
92.41357025
77.84924789
-2.31917335
-108.08447979
-154.23132802
-84.17837662
63.11999208
170.19403817
142.28774177
0.46777857
-131.45817802
-142.12849680
-36.72970342
76.12393718
97.54060327
30.17339174
-41.58621796
-48.33959388
-0.33030470
38.90388939
26.43714017
-20.66360041
-51.46054665
-34.64002271
14.94713360
54.45502418
52.01309738
11.21672225
-35.68586728
-55.54970764
-38.18507556
1.05048026
36.67446119
49.79118302
34.68216564
-1.89080845
-41.73307754
-59.11627554
-35.49169853
19.90365397
66.48181703
61.93656226
4.80155175
-56.36185918
-66.72262194
-20.80475918
32.72769963
45.34787459
19.26925560
-4.94562732
-4.22214235
1.66865244
-13.61534888
-38.09642150
-32.84507285
13.17239852
59.31067269
56.18184796
3.39222951
-49.25187608
-56.43394861
-20.97982537
19.06756096
34.17678857
24.93114427
7.85940570
-5.72208248
-13.69458004
-15.84068188
-11.24352712
-1.80469760
7.18142546
11.46535580
10.50241361
5.35383976
-2.85763956
-10.65470336
-11.72373423
-3.29168789
7.66702200
9.83362040
1.33455808
-6.32755081
-2.61774040
6.84514585
6.67346890
-6.16064112
-15.07112065
-5.07421720
14.28218705
17.94191782
-1.77085329
-21.91277277
-15.94978073
11.98001575
30.04837500
16.00780550
-17.17420016
-36.52839348
-23.97460540
8.71404550
34.97597721
36.34410713
12.58460656
-21.03460257
-42.15932883
-34.20978730
-0.41050299
34.28933741
42.04475074
17.42066957
-17.22302386
-33.28396265
-21.80998355
2.27102658
18.01468973
16.75932755
4.41039512
-8.12151179
-12.92467274
-7.05774739
6.39261114
17.07282780
12.87894393
-6.85394288
-25.08099791
-21.42933725
4.00537152
26.79707595
23.92379503
0.37538051
-17.25316910
-13.32883885
-0.25028693
1.63001651
-7.03196199
-6.72879185
10.79141863
26.59929769
16.54397556
-15.82519378
-38.05824129
-23.57444172
16.82968726
43.05386480
26.34715353
-19.32416732
-48.42550692
-28.72290602
23.86756304
57.63657180
36.05430734
-23.37918266
-64.65728330
-48.89464257
8.44161692
56.46299692
59.04966607
21.65923640
-24.83677690
-53.63167101
-52.94380293
-22.19193260
26.81697088
65.78316606
62.73788116
11.58552254
-52.71858487
-78.29382544
-42.47882153
25.37617609
68.92525631
54.49568640
-1.25253024
-49.37365868
-52.54939568
-14.01995628
30.88624880
47.38551391
27.09288793
-11.20702423
-39.70804798
-40.78120752
-15.40239811
20.04410954
44.08221091
42.17123322
14.69178020
-23.31915660
-50.19429685
-49.02653521
-17.67009503
27.35890202
58.13962897
53.38362067
15.26945988
-30.90939800
-56.14560145
-48.58116821
-17.22817414
20.21916200
48.43542486
55.36265771
32.56128698
-15.13457600
-61.16790686
-69.96496705
-28.34745562
35.85224951
73.37491218
56.20442465
1.12241091
-47.98000762
-58.24496540
-29.61616846
13.09810014
41.94496076
41.70513075
14.95618173
-20.43811952
-40.83550803
-31.88097259
0.26909934
32.40058484
41.22592004
20.11324284
-16.90840956
-44.57031167
-41.98982947
-7.06161029
38.06887846
58.66616824
34.42602308
-18.99291908
-58.77612624
-52.07506956
-6.44450105
38.46463822
49.00940400
24.94726966
-8.62356125
-28.34562250
-27.58755455
-12.12356585
7.56461268
18.89817867
13.06475153
-4.14313470
-12.99407783
-0.74981628
19.29754363
19.52441110
-7.89884300
-36.66581011
-33.72262206
2.27337518
37.90103782
40.94012138
12.60166458
-18.93881296
-30.59466813
-22.69150664
-8.14439765
5.76770302
18.71357339
26.41717921
19.42129175
-3.54278794
-27.00418850
-30.79475580
-11.23431305
13.93852827
23.79192442
14.79248328
0.80849490
-5.14688261
-4.36729445
-6.34493797
-13.15570975
-14.76418135
-1.28185415
21.96704527
34.53225340
19.01805134
-18.66977180
-48.44479124
-40.41548375
5.13665653
52.32000921
58.80868440
15.11793500
-43.82282954
-68.03605381
-36.71360834
23.60073785
63.15694056
52.08686835
3.11474403
-43.50817884
-54.77485447
-27.66519178
14.86032596
44.08145475
43.03503453
13.07016399
-27.25507341
-49.30384874
-31.75868156
16.77660444
54.11048329
38.58423490
-22.54949222
-67.22623018
-38.79349168
43.78638103
92.19034781
41.68144131
-67.14519350
-120.10341117
-52.28135461
74.27780592
132.29245333
65.14932059
-55.69237972
-112.88420809
-66.21286624
20.12383815
62.32969445
44.19113152
11.28772392
-0.79131904
-4.40893163
-23.29041437
-44.13054942
-30.09804013
21.08542970
58.98589423
36.93303545
-24.94544302
-55.71450355
-17.03442014
46.94761817
58.10770933
-3.63480690
-74.02365972
-75.11573794
-0.80906986
78.12321532
89.52923468
29.34194934
-44.55072344
-75.29005957
-54.18681973
-11.09243160
25.38922740
47.53163863
54.91617353
38.82366303
-7.10887550
-63.27235073
-85.54517885
-43.64425516
39.98309440
98.33075692
77.63942686
-8.35806575
-85.13436940
-84.71083982
-10.34307376
66.23351751
74.10364421
11.02773580
-56.97584051
-62.55317559
-2.99930611
59.33406445
60.67014380
-0.72319252
-63.80176293
-66.32124498
-6.32117179
57.93268497
67.53605568
19.42876173
-36.75584985
-52.77856207
-26.23565086
8.09401269
21.48286725
16.71757881
12.35849614
13.39627377
7.21083915
-13.35110210
-33.54846733
-30.77632193
-2.27736487
28.73005809
36.85577650
19.54221191
-5.08825733
-20.41935429
-23.96558097
-19.31739912
-6.24863153
13.94488133
29.05177976
23.56878968
-1.23229743
-22.97876519
-21.15469407
-1.20293607
12.03012859
5.04415072
-8.34175996
-6.52202793
10.47147435
20.29767192
7.30068577
-16.42625478
-24.79335782
-8.67044343
14.09056926
20.24058623
6.74487561
-9.07791889
-11.51170426
-2.55106800
4.53623097
2.67928943
-2.13888691
-0.70226965
6.38389451
8.38875661
-1.96424120
-16.48409031
-17.33138066
2.12725844
24.91606713
25.45373627
-0.62773707
-27.36248575
-25.74852229
1.90193492
23.40584924
15.08767942
-9.53688022
-17.56136122
1.02579001
20.72060974
13.79474123
-13.46710372
-27.96024686
-10.90687849
18.82125852
27.31665397
5.53066275
-21.13080101
-22.81085100
1.56977294
24.63218273
21.21592645
-5.48678001
-28.45838039
-24.49058793
3.58151997
29.87585205
29.33323968
1.04694998
-29.44763451
-32.58828416
-3.55611011
30.33598852
34.56553043
2.88889551
-33.59511469
-36.78260619
-1.86417109
35.93433371
37.70787218
2.28404483
-32.83287929
-32.53559216
-1.42649753
24.17164292
18.80679369
-5.07439876
-15.79253515
-1.83221623
16.25683344
13.71915087
-7.61236026
-23.30631579
-16.92495927
2.77379144
16.47226899
17.12958461
11.56281254
4.75308201
-6.49708116
-21.95722786
-28.99127227
-14.08237975
17.49137573
40.79857295
34.24328289
1.55054544
-31.61497392
-41.53324318
-24.72943085
4.86971628
30.20263005
39.47240963
26.72389680
-5.24510085
-39.08070678
-48.27784850
-19.77422166
26.70031087
50.50604369
29.67059652
-13.46927726
-34.60086554
-16.90611886
10.80044361
11.70520947
-11.60648962
-21.47435327
3.28843010
36.49080363
36.26569828
-1.58538634
-38.10420394
-39.01726958
-12.22627960
10.76644174
17.99937696
23.56251887
32.84224957
23.69841950
-20.90051663
-71.38322624
-68.55388420
5.87299626
90.20534545
96.79304956
9.55618332
-88.45059414
-98.90521516
-14.33762820
74.34256434
78.48658502
5.69180557
-57.35551052
-46.89070443
11.63917214
43.77350720
16.48165172
-29.25826664
-34.94789515
4.37166264
38.78102823
27.26905221
-13.96349797
-35.00816576
-14.67335101
16.23651668
17.69415620
-6.99536418
-17.11320354
8.17413810
36.66674330
21.67571035
-33.14998235
-67.57732470
-32.69848337
45.96184047
89.04773488
48.52627846
-38.93201409
-90.17948413
-61.01358829
14.38466204
65.85116740
57.77402876
13.23308769
-22.70403039
-30.54274194
-24.18231421
-20.81016274
-15.83416065
6.61844168
43.28263419
62.62753000
34.20415078
-32.86019671
-87.20962390
-78.22444829
-5.18053174
76.67068518
101.69567129
50.07669909
-36.17136035
-90.25807846
-75.82842686
-12.09333041
48.72452845
66.45009269
40.12968909
-1.10585460
-28.02443736
-32.40913230
-23.96984971
-13.13199548
-0.95732529
14.84970243
29.23583415
30.54637234
13.17931899
-13.51668804
-31.88142148
-31.17778263
-14.83879736
6.01708619
22.44074924
29.73003298
24.08102922
4.00809872
-22.48021727
-37.10443451
-25.30821525
6.44214794
31.79621046
28.42215722
1.11950776
-22.43993632
-20.33319952
1.89772866
19.66336552
16.17072488
-2.95981953
-19.66684411
-21.48678156
-8.12696690
12.70724175
28.93278396
27.01542698
2.12196758
-30.25118419
-40.78672890
-14.69135470
26.76899085
42.55093321
15.37757673
-26.04867937
-36.42512509
-4.96852492
31.25848947
29.69429619
-8.07537150
-37.94963726
-24.69804214
17.17837399
40.53164144
19.72430383
-21.28706130
-37.80946231
-14.53743021
20.70175866
31.43282808
11.53006435
-14.40247727
-22.40248858
-11.60188006
3.26855931
11.30009914
11.71157385
7.04692545
-0.84203645
-7.99985941
-8.97884489
-3.74410348
0.57185570
-0.81000110
-2.17200419
5.21084093
17.70388687
18.57195197
-2.29448695
-30.93442872
-38.63628471
-11.80920728
30.16885631
50.73506883
30.71444871
-13.45471686
-45.38423357
-41.45229713
-9.14330492
23.45153820
33.64017915
20.87098912
1.62016438
-9.08781292
-10.49840840
-11.83625201
-17.20934990
-17.63898631
-1.36517476
27.45008687
44.96352173
28.92417375
-14.86313457
-52.07795077
-50.56332694
-11.21020214
33.66021438
50.96996548
33.24642264
-2.08720602
-31.18117010
-38.67399945
-22.41595946
6.42205666
27.79732341
26.25566181
5.75758490
-12.33658941
-11.37281140
1.95171364
6.31163379
-6.91941868
-21.42439319
-15.09862654
12.13816123
35.57279567
31.25784746
0.54841107
-31.89937776
-41.22346430
-21.92431926
11.17632150
35.97875193
37.56486019
15.81379008
-15.83680890
-38.45707901
-37.86224481
-12.29530441
24.88671526
49.42277139
39.78087612
-3.60483589
-50.16517795
-58.91029151
-16.82372832
41.97640495
64.04244930
29.21658559
-27.84334601
-53.44489522
-29.67520111
12.18245489
31.06978314
19.14632784
0.37374354
-5.37986136
-3.46682326
-7.71858556
-15.09108315
-9.46500220
11.36601773
25.89176478
14.04508686
-14.28664413
-27.39511860
-9.80338990
17.60194031
22.53041515
0.79502978
-19.55858726
-14.19841510
7.82465234
17.67527611
4.28479352
-12.97079263
-11.27453330
5.67852233
13.86027761
1.94757616
-13.31554374
-10.16041554
7.71435790
15.24737798
0.74977326
-15.88910607
-9.06834130
15.17620028
22.80674957
-3.32625274
-35.26531593
-30.12486785
14.78064954
52.25691791
37.84880996
-17.08239377
-56.52123226
-42.00752303
7.78933743
42.91656260
37.01146292
6.90330188
-16.48927447
-21.75790702
-17.07449169
-9.27044771
3.13129207
17.56778595
21.80677037
8.34290106
-11.83075353
-18.96684734
-7.58394103
7.35229700
9.29812239
-0.52587674
-7.24218648
-2.48215912
6.21531114
7.27841081
0.53318523
-4.33367375
-2.34924902
0.54926850
-1.98473696
-5.84036631
-2.30244825
7.22764308
10.29773268
0.43485624
-11.01431963
-7.59520060
9.02496849
17.34913048
2.33205639
-22.32852464
-26.93844548
-1.40215113
29.68804094
33.08885930
4.68822982
-25.53048960
-27.31865305
-3.35212970
16.06068000
9.40967606
-11.12457031
-14.92476967
9.15101459
35.99993451
29.92562471
-13.47821436
-56.18232495
-53.49204643
-1.36719216
55.72661719
67.02795352
24.46342132
-32.10466319
-56.17291545
-36.79972530
-0.15819057
23.43375030
26.52859514
20.12304618
12.45643551
0.99037457
-16.02579681
-29.31860784
-26.24428885
-6.24663231
16.97253213
29.20208905
27.22215488
15.28181702
-3.94380457
-27.89759602
-44.88991131
-36.15277787
4.12914609
52.13532346
67.32564855
30.09187320
-33.74355626
-71.94012164
-53.49557154
3.01674790
49.38315760
53.38115377
22.39407346
-13.67009896
-33.20705530
-33.20887101
-18.29450444
6.83391317
31.45894793
37.01222748
13.32538395
-23.87603994
-41.88180194
-23.32754285
14.19958352
36.01403724
25.81366270
-1.66346466
-21.55524093
-23.92645639
-14.62533237
0.03667272
17.95093426
31.16805815
24.24097743
-7.23038662
-40.85202122
-43.01291524
-5.78173905
38.47070606
47.76506832
14.97499541
-25.35264471
-35.87376394
-14.90778271
8.79364983
13.32881556
5.14701306
2.65192764
9.00855227
10.03222252
-3.79219521
-22.11829708
-25.05283528
-5.31885942
22.71439931
35.20109103
19.69330436
-13.14883084
-36.77930836
-30.78086668
-0.07899792
28.00815071
29.56622944
7.86856499
-11.68479327
-11.46774104
-1.50121364
-3.79335303
-19.41618163
-22.02180424
8.26218905
50.29955687
55.54274158
3.22011119
-65.85310533
-83.49320895
-25.56297917
57.99226988
90.68653536
45.20657198
-32.42599502
-72.36344002
-48.37317807
5.51140561
38.16512284
31.65592743
7.57367416
-6.63332758
-6.24700741
-3.97154552
-7.21290901
-10.21603926
-6.22393651
2.23825718
8.48242581
10.62843518
10.07728534
5.11656161
-6.34803359
-17.86955900
-16.48094588
1.19583742
19.48074712
18.07986508
-3.34675047
-21.56493439
-14.96327390
10.89446031
28.16988543
17.05569783
-13.04315176
-33.88532045
-26.64526129
2.04740849
28.85559674
34.40505154
16.71567442
-10.25794076
-28.32992749
-27.69633010
-12.09931459
6.58140132
18.85005492
22.76828708
19.52304750
7.55649721
-14.01988154
-35.65612009
-37.56414154
-8.10905691
36.38874076
57.72421166
30.72173196
-26.45205234
-63.33822022
-44.78328210
12.69157834
55.99409932
47.90308713
1.63959107
-37.50697888
-39.76013930
-14.58663375
9.86399641
19.81022800
21.40160649
20.10774955
8.96337696
-16.50453797
-40.42242222
-36.69791931
0.04380242
41.50780792
50.81140021
19.50709939
-24.48110648
-45.21556924
-31.11256404
0.51908505
24.72081705
29.50211432
18.23561364
-0.00394703
-17.15754821
-25.96773755
-20.27180553
-0.32000090
22.82069045
32.13205926
17.87653759
-11.91007065
-34.72907055
-30.79876964
-1.12521110
30.28345821
35.53924256
8.93859208
-25.02950058
-33.31475080
-7.49144085
25.63242116
30.41783978
0.59531492
-32.24039310
-31.63426494
3.68625876
37.29412859
34.07000065
-2.06104526
-33.43769469
-30.18275104
-0.76005256
21.34778509
16.64599006
-1.63533069
-8.32657451
1.65182495
9.64318704
0.48158157
-15.86523415
-16.80701215
2.34600070
20.23160817
15.65346050
-5.06732027
-15.71014199
-3.98577350
12.19907591
8.30209366
-13.15570398
-23.47969194
-4.40989905
25.94756351
32.80325802
6.70091296
-25.04251957
-31.35350904
-12.03493649
8.24715983
13.75761768
12.42539286
15.58103831
16.31870428
-0.46904725
-30.49020219
-45.62909229
-23.36894715
24.38773118
58.39968587
48.37615050
0.70427154
-47.58503714
-59.73775594
-27.90536322
21.56768150
49.63417207
37.06703723
0.49601812
-25.00299599
-21.24321480
-2.77603125
4.21916561
-5.91319959
-14.04541419
-2.98549479
20.17165676
32.60884040
21.02881944
-7.20171780
-33.71140356
-42.28657783
-25.10123731
12.51217789
48.51099516
54.20446489
19.16103824
-33.15172960
-61.75990787
-44.38105306
3.60450936
45.36641101
53.72818397
27.10979981
-15.74851507
-48.42280226
-48.88410908
-13.27584252
34.84812996
56.58429283
31.33057150
-19.18137159
-48.39170992
-31.93797334
7.16418893
26.39724451
13.01301283
-5.07184907
0.37789757
19.07206689
16.36181489
-17.38410886
-47.75492160
-35.41759858
14.26817411
53.85753971
46.39891192
4.29322260
-29.97319381
-33.05028630
-18.93152569
-10.06928652
-5.62774840
10.73156379
38.00519519
48.73913057
20.12494535
-32.89341742
-66.22396221
-50.36468706
0.01285986
43.05553364
51.52006032
32.11144817
6.53242914
-15.25344881
-35.47045719
-48.84654238
-37.63367549
5.51101065
56.24808145
72.79492723
36.50482679
-26.29540870
-67.53257424
-60.79780571
-19.28809577
24.77676611
49.63055233
51.09538715
30.99452184
-7.53219743
-50.24081450
-68.84239355
-41.86680911
18.51268598
68.54940130
69.60124653
23.19660140
-32.59880611
-59.53439118
-48.27515995
-15.00937726
19.83978685
42.93808190
45.28120504
22.48822984
-15.87890775
-44.64054404
-41.55186202
-10.01277041
22.21351187
30.47097980
16.41556077
0.78318054
-3.18049946
-2.14920194
-8.09742469
-18.73966839
-19.20222630
-1.81940070
21.81716595
31.35253475
18.00299167
-7.58525660
-26.19873554
-26.45428733
-11.45053886
7.09471931
18.96870516
20.90290675
14.78275131
2.93602547
-12.86115366
-27.15419235
-28.78119988
-9.27305047
23.48900054
44.42175126
32.01542980
-7.36729019
-40.83009713
-39.82181622
-8.83005944
20.81898853
25.47361845
11.86555380
2.49419040
4.40612779
2.30025587
-15.44010097
-33.64170601
-24.57845386
14.39738927
48.38793159
39.64601300
-7.57638855
-46.86331170
-38.84395944
5.48154228
37.91120889
27.18385642
-9.16122673
-29.72952527
-17.11274202
8.57661456
20.36046446
14.96908723
6.39931403
-0.52034037
-14.23091399
-32.87876341
-33.09211660
2.85532659
53.30456316
68.22778059
22.69703610
-48.93532042
-83.17071409
-50.73834651
17.16031442
64.42963562
62.31664822
24.09394090
-19.81061794
-47.70684259
-50.30523075
-25.70600708
16.35229669
49.93128851
47.90854364
9.87896965
-30.97749402
-38.95010055
-13.94870656
10.06444816
7.95748259
-5.28068806
2.43671629
30.39319487
36.97746586
-6.78216878
-66.47260260
-69.84286144
7.60691580
97.08469770
98.46044957
-6.79450904
-120.11521274
-120.96967567
2.13910130
130.46982981
134.68806369
9.39389177
-122.44736793
-136.75401824
-28.16048303
96.91608917
129.62974723
51.32628526
-65.78736612
-125.26804124
-76.98319366
46.16276453
141.67126526
110.10275244
-45.84056048
-189.96929229
-160.73551252
52.88527806
258.29168715
230.37598892
-42.08767062
-309.43107031
-299.03829989
-2.30267081
303.21069750
330.68214183
67.42344295
-228.99544238
-298.38800888
-117.28001834
118.41450232
208.30977451
120.90039043
-24.06133541
-99.66048316
-78.28203736
-17.99813708
19.08307831
20.25295547
10.31728353
10.37745954
17.20341194
15.41670268
-0.85984711
-21.04807994
-28.62492854
-16.28744880
7.09338845
22.94241464
18.83670104
0.69809327
-12.32579096
-8.13296599
4.65558549
7.70117738
-2.99896936
-11.23416046
-2.89586732
12.17522355
10.51646008
-12.48259132
-30.51591202
-14.44759413
30.55510279
63.14463431
43.61538461
-25.81976320
-94.88359047
-99.62224998
-16.36251755
103.05223036
155.80148751
75.87663766
-84.77783807
-180.27753137
-108.79568772
67.38495484
168.23857855
85.94280562
-86.30590251
-148.72379691
-22.82129547
148.55454769
157.34635612
-28.27500143
-217.05723646
-201.07158514
18.03039707
233.11993564
247.99306230
61.42693497
-159.33138610
-248.97178113
-167.86354266
9.12018289
172.03910767
233.72837472
156.19465700
-27.00318424
-207.79977747
-259.44525108
-133.02364684
90.08199868
251.32828950
236.58656145
62.64592344
-141.39708836
-235.64614806
-169.14634749
-5.07900230
137.89301339
175.21876262
106.73512686
-3.71352871
-88.35793180
-116.73284575
-92.27899078
-30.22399990
48.33711216
108.59748273
110.28038675
40.62534302
-60.28439725
-119.45149245
-90.27374141
1.93561105
78.10672290
77.62160666
15.62407278
-35.70369578
-25.89280259
19.27322208
30.43107723
-19.49065995
-76.08977123
-62.52892945
26.93768305
109.58755359
99.34749966
0.51552055
-95.66340478
-105.69157715
-33.09203985
48.09172391
73.93186499
42.90365235
-3.06339956
-28.57276351
-28.18456561
-14.17739308
1.35236722
10.70315890
9.10841526
-1.78106562
-10.97090770
-5.80767187
13.51265857
28.85979967
18.90800824
-16.49861699
-48.10257181
-41.08900471
6.68487642
54.06481490
54.13393708
5.41180591
-42.92036557
-44.47708823
-7.82048367
18.01496628
8.74212941
-4.76432298
14.45614163
45.85705777
29.17961136
-46.21575843
-101.35121332
-52.06473647
72.50418925
137.34902330
53.19960215
-101.33538781
-150.42770608
-22.79618202
149.25791510
164.39499745
-18.78937412
-217.69733600
-209.98126722
25.99363763
273.31570956
286.57978273
35.65779107
-262.13068231
-347.07850592
-151.68318555
154.71482752
329.78626874
258.18857434
16.81167844
-213.48496557
-285.28959851
-169.48657240
43.84939230
210.48041796
225.95723716
94.89186164
-77.07278081
-169.39598994
-139.27461108
-38.54249055
50.97668396
88.16886669
81.74520524
51.38323140
3.83837462
-51.38167069
-85.34204165
-69.40365732
-10.24329237
49.42465636
70.78934300
52.03198018
17.54398363
-15.25971503
-45.24330071
-66.74815603
-57.91933838
-4.28967951
69.19873111
104.92750591
63.55800005
-30.60835938
-102.62407702
-93.40777707
-15.72632407
59.25599964
72.93582940
32.97385240
-6.72671611
-12.68194896
-5.16626971
-20.57662088
-53.30285339
-54.09002948
7.47157781
90.98709362
113.15100549
34.57410621
-87.54216728
-144.26476071
-78.75770252
54.71695313
138.68618806
102.27511665
-14.79449872
-105.33452770
-97.96536805
-16.10173500
59.19095610
72.30088761
33.43002594
-12.33728839
-36.16001617
-38.64109943
-27.11581688
-1.35359599
33.05509174
52.36270360
32.83279101
-17.56078156
-57.54074244
-51.10768339
-4.56158158
40.86545928
50.96180035
26.56393049
-8.07647648
-32.75964126
-40.31320702
-27.84552964
4.28831256
40.79024183
52.08673956
21.29659434
-30.06652384
-55.81855651
-31.83986296
16.44019667
41.08202748
23.73765432
-8.19628073
-18.50325259
-4.37281118
7.28613878
-0.40347648
-13.19036029
-9.01669962
9.54746733
18.98213577
7.62509676
-9.22988627
-11.71586315
-1.80612268
3.17121430
-2.12450486
-4.28314402
5.55497851
14.44383850
4.73034015
-17.01075853
-22.53228419
1.95257822
32.36340169
30.68941059
-8.86582028
-47.88829457
-43.45852475
4.62544304
52.46043612
56.73602412
15.53034479
-35.12630291
-57.75991592
-41.86599961
-2.60931797
36.49200171
55.61191585
43.16199770
2.04031406
-44.82912995
-63.99658381
-37.76705508
15.96325498
55.21198535
50.48167148
10.70160083
-27.82721217
-36.70455826
-18.21468802
4.13863328
12.00929156
6.70716110
1.17346444
3.26461882
8.86010619
8.78905954
-0.52023647
-13.29417815
-19.42891506
-12.86482716
3.30405658
18.59792651
22.57115348
12.36669268
-5.39561142
-19.51036656
-21.65335347
-11.15297968
5.29614138
18.02897681
20.10698666
11.01884699
-3.69419984
-16.13843627
-20.16816420
-13.61966939
1.20593542
17.71234972
26.30070922
18.79511948
-4.30305776
-29.61343158
-37.18166617
-16.42221142
21.23501891
47.28823694
38.38302168
-2.18319567
-43.96406704
-52.96019167
-20.52919745
27.77152480
52.84177350
35.45806398
-7.36049730
-38.57032102
-34.84277056
-5.60929718
19.78787125
21.69809663
5.96427191
-7.47826616
-7.23993018
0.76324241
4.59827793
0.91638508
-4.15800835
-5.19792274
-3.25598600
-1.14531831
1.99008438
7.56161599
11.43952872
6.48166201
-7.23526409
-18.54111346
-15.45255908
1.15549880
17.08821516
18.87467260
6.61503895
-7.90430366
-14.00474344
-10.85655993
-4.12158522
2.52467532
9.24472750
14.21557712
10.99693687
-3.66522593
-20.44078208
-21.98893265
-1.69551326
24.06283402
28.67959384
3.85336440
-27.53909359
-32.50772669
-3.38690420
31.37186217
35.51545552
3.41438423
-33.17701075
-37.79775674
-6.32531925
30.23898393
37.91104881
11.90797824
-22.09142922
-34.54661592
-17.98701646
10.35698382
26.88434924
21.40199535
2.14453889
-14.59909114
-18.56411740
-11.23951885
-0.65113623
7.32964676
11.96499109
13.56158792
9.67564207
-1.85759817
-16.55045920
-23.42888981
-14.62750789
5.42715790
22.59632627
25.48959141
14.23274222
-2.91126305
-18.32344955
-27.58683137
-25.76222566
-8.04783034
21.33750979
43.96803981
38.64663709
2.95452150
-38.40999783
-52.23827064
-27.18992901
14.87891914
39.54452095
31.67006398
5.98940494
-12.27145270
-13.28202803
-7.34246065
-7.23491135
-11.72511662
-9.16758284
5.50967076
22.33542732
26.23799822
12.65565505
-9.18775527
-26.37678875
-31.24676815
-20.84171885
4.70692419
36.23654160
51.55349419
29.62751643
-23.37091002
-67.51314149
-60.61311375
-1.83663305
60.95314441
74.03088274
28.51867300
-33.98732562
-63.91107057
-46.30906416
-3.10677954
35.05129710
50.16550811
37.32953436
1.01838882
-41.16597001
-60.21703357
-35.43617889
22.31656622
71.06862245
67.93428790
6.04937268
-72.15978755
-100.78227633
-44.13536381
61.75511012
126.54376503
84.01805319
-36.56910209
-127.69950908
-105.99334952
3.56294633
94.99443114
91.38142629
16.19414269
-46.07361501
-44.34728263
-3.52218134
18.54553877
-2.04604020
-36.05830091
-37.50082759
8.71631553
69.71626626
88.85962030
34.33737665
-63.79165087
-126.70687456
-93.36081632
15.79451460
109.68331250
113.11018571
39.37603700
-34.23022074
-58.11107671
-54.84352958
-62.81629814
-61.94933188
4.92126765
130.25054068
200.36050498
100.50878058
-133.37440061
-303.06513799
-225.43250207
69.79601060
336.43714109
328.18484877
33.80792049
-298.48212411
-378.94506650
-137.73147834
212.03414279
367.83061326
208.09196045
-109.41375956
-304.21822382
-228.08212413
20.28676806
211.04347751
199.06063087
33.80348655
-117.87908448
-136.59089149
-42.55328807
52.45268163
65.05835964
11.20018642
-30.19184944
-10.66400332
38.03829116
46.68597739
-8.02527058
-73.64720104
-78.36904185
-9.66230977
71.42157752
92.93490899
41.46525216
-32.21692872
-68.32452102
-51.41378966
-12.38945267
11.95265097
15.10130695
18.49753864
37.62760939
54.89161070
33.21611123
-36.99275618
-108.79589355
-111.70450277
-23.92341596
94.24020416
150.46792517
104.55614215
-2.75706763
-98.38638160
-137.38565705
-113.18247381
-34.11245084
79.26106272
173.67207789
174.18047613
49.41906548
-131.95370922
-234.93695158
-171.92353489
12.57845546
177.38411812
207.71680922
103.99526811
-40.71116921
-132.16615561
-138.15146232
-81.77489349
-2.33430949
67.98755412
106.55831021
101.23667555
54.21399661
-19.36033838
-95.20196853
-139.26774482
-114.27151140
-9.34389979
126.67243801
198.06560009
135.83588054
-29.38282123
-177.27062569
-196.06523096
-78.84116256
75.81839038
155.41233381
123.89362989
30.36659037
-52.60701309
-87.13128634
-76.59461858
-39.00948899
10.10479295
53.80340314
70.65295555
47.93547191
-2.30141475
-46.91902982
-56.65811025
-29.84087648
7.99721271
28.31033771
24.03456790
10.47898985
3.71544559
2.67766600
-3.87811068
-16.55893169
-20.71489175
-6.45369902
13.77411244
17.07474661
-0.48998676
-15.60400291
-5.01559594
23.20887794
34.61464949
7.27241588
-39.38267314
-60.33564422
-30.28703922
29.16905795
68.50943216
55.66559500
3.30362684
-45.84550142
-57.86972103
-32.69644153
4.42003386
29.70385122
36.52128627
29.21401047
11.05006644
-15.23581399
-38.11140442
-38.92652511
-10.67795367
27.29217216
42.32794158
21.09759410
-14.53379399
-29.66407315
-13.26820528
12.17507617
18.14548760
1.08505530
-17.58637857
-17.72223112
-0.14809689
18.73154554
24.50140187
13.83590035
-7.49238654
-27.85364807
-32.49002741
-12.62547989
21.99676597
43.99819176
30.79294652
-10.32860190
-43.80867195
-38.31983374
1.04535615
36.03569842
33.42183603
-0.76945507
-28.12615131
-19.94257677
10.98483219
25.38597373
4.04067659
-27.69879801
-28.42054047
8.76648208
43.93788801
34.29183422
-15.06480444
-53.63659269
-40.10896884
12.94144272
53.51014781
44.66148902
-1.59757595
-42.17408638
-45.82810716
-16.06311547
20.29545487
38.40972699
30.76754269
6.52105800
-18.17864392
-30.58190049
-26.83168251
-10.62739261
11.06974502
29.54095059
34.17647450
17.73059771
-13.64686230
-38.78938449
-37.11781866
-8.78228506
23.54602765
35.34073725
21.62123039
-2.41319495
-18.30641351
-18.77176238
-8.33152550
3.80122219
9.48105786
5.38884309
-3.72079331
-7.09906488
1.14904286
12.54740718
11.43960244
-4.47386072
-16.34208723
-5.99181313
15.34440970
13.54500814
-22.93265009
-53.29560254
-22.10185306
64.68178733
120.19469341
60.63443225
-87.16699220
-186.30625192
-122.26177941
66.49911668
210.14585238
171.95635674
-13.80151412
-175.96783782
-175.19245915
-31.85650634
109.78124515
130.13048821
39.25092138
-55.74408554
-68.79081920
-11.75820482
37.42390587
26.40918512
-21.44376116
-43.87964651
-13.22776142
36.17347756
50.59954858
15.92196533
-31.38306997
-46.19844636
-19.26989125
19.81013083
35.86302479
19.54234371
-9.98926923
-26.35787336
-18.60017592
2.62839963
17.23759406
14.37101573
1.02974955
-7.14943434
-3.38141693
3.53334522
1.02418429
-10.57087758
-16.69373497
-5.36369106
16.86153101
29.08136074
17.52268320
-8.91373078
-27.14337609
-23.81288564
-7.40283209
5.35851267
10.63064202
17.57833334
27.26359884
22.37261331
-10.85297922
-53.21248906
-60.34988520
-10.75072645
59.54882507
84.18759013
34.40847029
-46.40941579
-83.66171073
-46.26953583
24.71364222
62.13981788
40.44330007
-7.05388987
-32.19199549
-21.71524332
0.03846893
7.65820433
1.50614656
-2.00111020
4.12919034
10.15266179
5.39142781
-6.37191090
-11.23314414
-2.83959793
8.57214420
7.54639806
-6.89474496
-17.00280446
-5.90973810
19.23813841
29.99941568
7.87293469
-29.51461491
-41.80134088
-10.24295682
36.24814961
48.17919987
10.09224465
-39.35472230
-48.03580853
-7.56627887
38.08180897
42.02101737
4.58468081
-31.64691343
-31.65213810
-2.82772050
20.93509734
19.66125054
3.17208819
-8.72009634
-9.57795702
-5.80454889
-1.86622470
3.80041189
9.75025763
8.59897016
-2.09909832
-12.23494892
-9.85093954
2.46541287
9.66826820
4.20414068
-3.64920274
-0.86648715
8.24953705
6.61998379
-10.35285974
-23.70239608
-12.57839278
16.96305857
34.49314465
19.29957112
-14.60478820
-33.43563197
-20.88859653
6.16766558
19.88284103
12.62678985
0.55376873
-0.91043494
3.70375476
-0.22603041
-13.73688673
-20.00839189
-6.24358328
17.36215611
27.55087792
14.55842760
-8.40714188
-22.30674573
-20.96539440
-9.50808963
6.95221423
23.32955817
27.75497266
9.38677712
-21.87696385
-35.73173804
-14.27118133
20.63532079
28.30368803
0.10311199
-25.85852574
-11.87516541
27.70948379
40.06427582
0.36390376
-52.18386912
-56.91875689
-2.85624105
57.16936301
64.53909448
15.64528812
-40.44536539
-56.01503479
-26.90108221
14.66317368
36.14497950
28.84871192
5.15210658
-16.83790513
-24.50725346
-14.73885421
5.58639870
22.25455605
21.55548057
1.00396941
-25.19266309
-33.81796742
-11.88488577
27.42744628
50.26410657
30.72088747
-20.99132938
-61.26615005
-50.94870572
5.12175483
58.34407806
60.91050844
12.04018288
-41.81733223
-53.52696798
-19.89443536
20.89201158
32.15274388
13.47520068
-7.16254044
-8.73773609
2.35036010
6.18733759
-4.05326814
-15.29513443
-12.59380990
2.21509335
13.61682393
12.20615178
5.65597784
5.76216351
8.06761658
-4.84866295
-33.84729424
-47.33102644
-12.81689963
53.16513199
85.97586672
40.72777186
-48.39657989
-96.86080520
-60.62825601
18.58791568
66.18698257
55.47979489
19.09309277
-7.33711171
-23.46697209
-40.26336404
-45.12636447
-16.78495514
32.72775796
58.71407443
36.01818526
-7.58495470
-26.58367466
-15.67996525
-10.00590768
-27.07681339
-34.81375373
3.18936898
64.76078075
81.55849742
21.62728809
-62.92878467
-90.17479766
-40.52858165
27.17436295
51.13071569
33.09545467
15.73125722
13.98747326
0.25530070
-40.17123938
-69.55859499
-39.11030700
39.24341106
90.93130307
59.84246454
-24.49223926
-77.68634487
-53.25275179
12.14931143
48.15404913
28.84627902
-10.19560174
-23.25028178
-4.58727669
15.97476232
13.58958019
-7.05626874
-23.13881546
-18.41001975
4.74207020
28.88999736
32.77207756
6.79471336
-33.34071320
-51.73223340
-23.51720817
33.55543603
67.26244412
41.18280051
-23.84795724
-67.16562824
-50.07688948
5.71779162
45.03849175
38.24935263
5.82776667
-13.00343757
-5.38969181
6.65361777
-2.36434054
-28.99946207
-42.15107799
-15.94540732
38.57886624
75.86379660
55.34075283
-15.91471566
-81.23331479
-82.54842414
-16.57954276
58.09748569
75.39677176
26.03364654
-34.45248654
-44.47589888
-1.22162263
38.25274161
21.95464676
-36.55321578
-69.82257879
-30.10144258
54.30200908
102.58946054
62.45653164
-35.78640861
-107.51492641
-93.39595088
-9.57757352
74.85727081
100.64214632
58.81878556
-16.28242312
-77.98895038
-91.68339984
-47.28198137
33.15085819
98.70331663
97.40579872
19.73539356
-80.84310923
-122.34446165
-65.05129336
46.14389327
116.63692216
88.31372035
-7.02026684
-82.23239618
-80.52208337
-21.94565810
31.69484998
44.42703295
29.35330475
13.82538748
2.40285048
-15.76955911
-35.89066432
-34.74148611
-3.43650794
32.01968812
36.55980151
8.38342672
-17.90145848
-13.63249593
9.11789037
14.29474882
-11.06446972
-38.18134687
-29.49774849
15.83309729
56.97428720
52.63345572
3.19636283
-49.84524135
-63.50909585
-30.35156417
20.12391918
50.37867741
43.85208993
11.85538458
-20.34855380
-33.13369429
-24.14315374
-6.12033746
6.32551847
9.73068242
11.64542753
17.13319321
18.63967077
4.50063067
-22.10256735
-39.07179909
-26.46075949
9.27768301
37.87295358
34.90896008
6.28448333
-19.69052833
-22.58274472
-8.22766391
2.83066189
0.13666368
-7.23210685
-4.08930687
12.31279801
28.10118467
25.17246744
-1.72700695
-36.70660756
-51.17690147
-26.71600440
24.33076079
62.59372078
53.59452881
1.35058516
-51.14045273
-59.84099895
-21.08701336
25.78586867
39.12466305
17.06377644
-5.13510031
-0.46322135
15.10167400
3.92831881
-37.83028904
-62.33200673
-23.19273193
58.15080275
100.47638948
49.58870465
-53.53022237
-109.05059245
-63.97599320
32.39172522
85.10981839
54.39074500
-12.66730892
-45.18498022
-24.86442685
8.18059648
12.78734687
-7.61023134
-18.70770645
-1.63787117
25.69605720
32.00352598
8.48516089
-23.05451966
-34.54923340
-19.06135098
6.47693114
21.41772987
19.99289206
10.40845698
0.93318320
-7.75063184
-16.54402685
-20.04669656
-10.40303752
10.46849588
27.01267299
23.14561518
-0.00271730
-22.36286210
-23.84178322
-4.95817902
13.66181644
13.68892200
-0.75886968
-8.56857726
2.09256373
16.99690597
11.11047026
-18.37119091
-40.90627951
-23.05010946
29.11950450
66.52377631
44.65085420
-25.72345811
-82.37814619
-70.62999933
2.67767612
75.25005854
87.18014518
32.33855647
-41.98156228
-79.35165106
-58.53467121
-2.82828966
45.35641093
57.80119782
35.30304858
-1.48968031
-30.75450451
-40.79347007
-30.16738055
-4.54491626
23.93649513
38.78221635
28.50474759
-1.67159095
-29.67617647
-33.60377585
-11.69991960
15.72490472
25.70145143
13.37510356
-6.57788464
-16.42463274
-10.54984874
3.68037750
14.50926841
13.26919943
-1.36641573
-20.22324077
-26.09540245
-7.58122785
24.94591525
42.34882632
23.82908713
-18.24187132
-46.81152587
-36.94452317
-0.64485420
28.47985473
31.49782835
18.34484997
6.79368666
-2.03775983
-18.24977004
-37.78451616
-37.06893948
-1.82974120
45.37830625
60.25819029
24.36730733
-30.24528729
-52.72863014
-27.63949317
11.45256593
24.07920941
8.22865045
-5.46878981
1.56083367
13.38748057
7.34617183
-10.12023132
-12.49867459
4.73114298
11.67573567
-13.91175346
-44.84877938
-28.27995636
42.73755975
100.39941863
67.38222939
-47.72453539
-139.73324901
-109.28385190
26.21865387
139.93500749
122.92663662
-2.53464421
-107.61929334
-93.93153073
6.06903836
73.16415315
37.71122729
-45.41353285
-65.83166042
10.66374194
99.58966344
92.67000233
-18.83668034
-130.78104884
-133.80447626
-21.73031359
108.91830118
153.59609112
86.05813054
-35.02620308
-123.07976142
-125.54493385
-51.37085468
43.17796238
98.03938362
92.03877142
48.23270445
-1.91782040
-50.07070422
-96.23658932
-113.31070359
-57.50800859
67.52828944
175.73327738
163.01869244
18.95951603
-144.08006667
-192.19172236
-97.60247603
44.58577445
120.62030289
101.79224053
43.23822777
2.57607754
-17.30430134
-46.11728274
-88.02774716
-102.44077783
-45.47565960
72.61558324
174.59272913
169.34570713
33.73542179
-148.49340491
-238.62021979
-156.35849638
42.70591559
205.58298784
210.94024681
70.27584039
-93.76396472
-163.59859664
-118.61170791
-23.36505266
51.33801792
81.37122067
77.27198836
49.63067970
2.68553493
-48.97097086
-78.61239539
-68.92512726
-26.80987436
27.07988221
73.68672910
93.51607137
63.20519349
-21.43356662
-114.01190377
-134.19175076
-44.07798392
92.39589619
152.71894645
77.22979513
-61.25963658
-127.74490537
-65.83495700
47.08465433
90.87042831
32.88463138
-48.59356209
-63.14303125
-6.66766511
48.22497509
43.42240327
-4.85179986
-37.66858122
-25.00451471
8.97542249
24.76226087
12.76054057
-6.90963351
-16.59553915
-16.82364395
-11.30017787
5.52107836
33.33317188
48.21714901
20.86764460
-41.01260577
-83.76086620
-58.19355136
22.16827252
87.24379051
80.65384424
15.50877592
-46.43415093
-62.42951333
-42.18470222
-16.96732876
4.05137088
31.92740554
61.94221346
62.83372002
13.53195711
-59.39581832
-97.06978154
-64.86004264
13.05526972
77.84418179
88.10892066
45.50873267
-19.44418366
-71.42296491
-82.02384504
-39.58402210
34.15698300
84.39518503
64.65401121
-10.48560305
-67.84862782
-49.16431817
20.62798274
57.13305707
14.86894222
-54.96750924
-62.71165988
10.47916798
84.97652051
73.73455205
-15.62842216
-89.22483238
-73.37536784
7.80337874
68.49089455
57.92388044
3.33307521
-36.84437344
-38.19211571
-18.26266777
2.54137736
22.80611660
41.03092167
37.64019957
-4.03055733
-62.79109762
-84.63697110
-34.52313089
59.59165474
122.03815242
93.76417170
-13.66792703
-122.35287196
-146.87813024
-61.70327207
74.31018576
158.30603946
123.61313790
-2.55885306
-117.94908209
-132.24374262
-46.03928420
54.72202400
84.81908671
39.30099781
-14.22584052
-17.52537727
15.16201497
22.24304276
-24.11038196
-77.47902387
-66.97997172
18.01483208
105.77396476
111.13902591
22.67060816
-84.25443947
-120.04249885
-62.62764446
30.81232165
84.52389809
70.36004093
18.48856129
-24.69172866
-39.36010008
-35.38854539
-25.74230458
-9.49522895
17.12247827
42.83628464
45.42131591
15.68965584
-27.76228570
-51.86174306
-37.65172692
3.22163359
37.86224810
38.79203681
7.17674627
-26.68642399
-29.77899948
0.81865505
32.10676642
27.84141374
-11.43472665
-45.95462692
-37.86656432
8.10312987
49.17244666
48.22574147
8.76890041
-33.05059615
-45.05839556
-24.45719521
7.65115762
28.24295477
27.48907424
9.98848278
-10.90430342
-20.66819805
-12.93733406
4.27081095
14.30016957
7.98131815
-6.49502623
-12.79569205
-4.91832775
7.33986919
11.68943951
6.94452855
-0.01042452
-5.90965641
-12.07299507
-14.62818263
-4.07766465
18.65347381
32.49831677
15.26810408
-25.06536090
-49.13368662
-26.58069073
25.66798117
56.83816896
36.72078515
-12.51272427
-44.49643396
-39.49963953
-15.36291534
6.55823998
25.97698375
45.59320684
46.34122325
5.49132731
-59.37108526
-88.43600179
-41.10757512
47.90687628
94.92599704
56.16766858
-23.42220191
-61.91103310
-32.70093545
12.20402380
13.05499703
-22.37943535
-32.20771182
15.78998213
75.90408609
73.84714973
-4.36322282
-90.35198364
-104.03521995
-34.97987453
53.73270008
93.31087990
67.93910933
10.07786059
-42.06834242
-68.79703453
-61.93420026
-19.14521422
42.33095472
79.65772094
55.57227631
-16.45042954
-71.78500853
-55.82835819
14.38373189
62.91943598
36.58784455
-34.17906328
-67.63849198
-22.77604279
53.53662398
78.41045730
24.13473060
-53.72479622
-78.25618120
-30.23736290
38.73620155
63.32681431
26.66537017
-29.87206387
-49.65293764
-13.64811592
41.56468570
56.43705342
6.74894163
-65.30328157
-84.72732514
-19.15306214
78.64997503
114.18537277
45.66070005
-67.96238620
-121.35400900
-66.78592549
40.58670040
101.23055484
68.37417504
-15.49469047
-70.09697282
-54.67204700
4.11020872
47.99662611
41.77397265
-2.28970963
-41.78949528
-41.34530279
-0.51589335
45.39495881
52.91469169
9.02297117
-50.83992143
-68.88452302
-20.38957128
54.23419000
81.90477923
30.32661314
-53.39888436
-86.72119465
-36.74477302
45.33529840
79.21231080
38.59376184
-28.51848793
-58.08633568
-34.64062483
6.64798574
28.37570759
25.09270667
11.93004711
-1.56009693
-14.32205896
-20.38531072
-10.32524262
10.71153250
20.01641897
3.39330483
-21.31735072
-20.26044886
13.64450768
44.53439251
30.63086935
-24.54348379
-68.17192004
-51.17196003
17.82593922
76.89922133
70.56963364
3.73565793
-63.83174668
-74.76399583
-25.56181438
35.70071019
58.27012376
33.36477605
-6.76642398
-27.37548417
-22.98462352
-11.61446884
-5.91092082
0.36805609
15.85189126
30.84536426
23.98258019
-8.85698198
-40.96402775
-39.11943237
-1.51230177
36.06155489
37.05417850
4.14435493
-24.26269276
-18.43581565
8.70657299
18.59030559
-4.63240409
-32.59909994
-25.81510202
16.63498057
51.07222524
37.39299762
-13.30878346
-48.93867042
-34.98231346
6.88039984
26.89963291
8.44682785
-13.65049168
-1.56386706
31.85421388
35.89929681
-10.53154235
-62.79354208
-57.78496891
8.29354142
68.66306081
60.10883376
-4.59120786
-53.19433505
-38.51366064
11.41621463
33.88846748
7.46278529
-28.68219162
-27.41712600
11.46964877
45.62580141
38.74048589
-4.96541389
-49.46720796
-59.30382625
-24.56701851
33.33880380
73.47874351
61.62774527
-0.44117292
-67.98565302
-85.45793560
-36.24120159
39.07297372
79.19156258
58.23485888
3.54248592
-39.21036825
-49.62591743
-38.12568686
-18.62726577
8.50395234
42.38820245
63.44488078
45.32390050
-11.56732064
-68.16383183
-78.27326327
-32.81570659
31.49473469
67.44568350
57.11976828
17.71218454
-22.30041572
-44.44624003
-42.86178041
-20.20926490
11.25507786
31.52704353
27.33715365
6.96147231
-6.43237660
-0.58901184
10.70246963
3.60417826
-25.54874431
-50.59740891
-38.59195848
16.15401379
78.27486799
92.87646783
31.64455790
-71.03293557
-131.82940165
-87.34088688
37.15709478
135.30785652
114.99963983
-6.26786016
-111.63731923
-101.76880821
2.42212258
85.30254277
63.90129193
-25.16494709
-74.43233154
-29.43774382
54.15131359
78.83056468
15.07130478
-69.47379012
-86.00100308
-17.56416434
67.20563174
86.08497556
23.49415663
-57.83228841
-79.76620124
-23.75482503
52.76204348
73.53923023
19.19757394
-53.77405373
-71.02439343
-16.17212891
54.22249462
70.26525662
18.58135823
-48.11648083
-66.31272040
-23.00067751
36.03846107
54.85462819
21.89977202
-23.64812441
-36.81154198
-12.44159757
16.49004787
20.10472468
1.64453195
-14.34526672
-13.33119756
-1.62100737
9.19566866
15.95873950
18.10035071
8.62023571
-16.73487961
-42.53777124
-39.50433555
3.18530551
56.02940409
70.60476458
26.96980230
-43.47292817
-84.24887164
-62.06681061
7.21195511
72.07720441
83.42967346
31.22941314
-44.11048982
-79.82970227
-45.28817817
24.51708002
59.00660190
25.56816185
-32.32206742
-43.02170523
8.60029925
60.59835761
46.43250539
-24.72755348
-77.30043094
-56.74115304
10.65955765
54.28272233
42.04034567
8.34176464
0.09149586
14.72811438
8.20953172
-40.08366685
-88.75682915
-72.83609569
21.14391978
126.63567593
149.76653945
55.48597210
-93.22493338
-181.35830935
-136.65401478
7.61157325
138.87224774
160.35729805
69.79324033
-49.41077154
-109.54710582
-88.59067086
-27.36117693
24.66363929
48.59624566
49.99120081
35.30513212
7.05044247
-24.76485460
-41.63122462
-33.20209075
-9.50586971
9.75820216
16.57539174
19.26739796
24.81419142
23.76016878
1.07681375
-37.72504601
-60.05450881
-35.26890003
27.64494713
77.46596825
64.53789351
-7.87813701
-78.23925461
-80.24783591
-8.11999570
72.34236201
84.26827258
15.77451483
-66.21351449
-82.04050044
-19.08123132
57.74411189
74.76374678
23.06260758
-40.16967921
-57.29833128
-26.06999876
11.86089101
25.04005570
20.11908152
17.34110184
16.17647482
-0.15266792
-31.31994570
-48.86716993
-27.37501552
21.19489826
55.41910795
46.64502862
5.88768566
-32.32504542
-44.52258163
-31.65583904
-6.02398339
21.82030902
40.91110166
37.20608795
6.16660215
-32.87513746
-46.85654849
-21.37245881
20.58784942
39.27589695
18.42780493
-18.51708457
-32.91072334
-9.45622944
28.98698657
42.44783559
11.42215861
-41.07062066
-64.85739453
-28.46602078
43.62638527
84.74923011
48.80966516
-37.05065001
-91.29913393
-58.71904138
29.59394646
85.57826027
55.65149780
-24.57314092
-72.00910272
-45.63255088
16.59582870
49.03535305
31.27386138
-1.63114248
-13.13111382
-8.33928573
-14.02332151
-30.10509454
-24.16037708
19.86001622
65.18231866
55.44839085
-14.64370322
-80.07803550
-71.11534365
7.45171944
77.34221512
69.81560279
-3.30585991
-67.54724318
-65.25023560
-6.56350423
52.80897358
67.84968589
33.89314241
-23.21865020
-68.55718370
-72.85031672
-26.56711066
46.52376036
95.92151939
80.29723326
5.35260295
-76.01175375
-105.60467237
-65.19961496
14.33871677
81.01324962
96.81513788
55.47292954
-18.57943227
-82.04819627
-93.73869769
-42.13691784
38.39600988
86.60038160
64.75106783
-3.56936950
-53.19830440
-42.83860057
2.61995164
24.05968716
0.01680999
-28.75274249
-14.54309298
31.95440386
52.66334504
17.37960249
-35.60280584
-48.03511069
-14.76475140
15.65690095
10.31870970
-5.80804213
8.01152683
42.45668731
43.10656184
-15.26365232
-82.65198145
-82.16338565
-0.05450756
90.28236117
102.08023993
25.20712272
-65.84044437
-90.39311105
-38.61761771
30.40139163
55.72687968
29.37926964
-10.57173028
-25.68378068
-8.92975814
18.23372649
26.93768818
2.10739832
-41.98093964
-63.17146447
-24.60105413
58.08135618
111.01179617
67.62771573
-50.88300405
-137.70159744
-103.35414070
25.04688462
124.93267237
105.15037603
-0.99263123
-80.25567154
-66.30130470
-1.47888649
29.73888242
4.97765914
-20.97430344
1.34713392
47.53990527
51.39550229
-6.46731087
-67.81752620
-64.08397149
0.98395664
55.19172920
43.78427886
-7.65411644
-29.58099613
2.20989071
36.53241763
14.69370439
-48.54200963
-75.52423924
-20.10713981
69.12787690
98.35240407
35.17664367
-54.71232244
-83.84129654
-38.51249978
18.80163726
33.16055252
16.33561525
12.58707015
28.07092041
23.73443130
-21.06367319
-66.56434766
-55.98935607
9.56813248
65.22123355
57.02440602
3.21395146
-33.98220603
-25.50230862
-1.86617753
-1.70281093
-17.77345178
-12.59177248
22.40181306
48.12680649
26.78857386
-25.95377480
-54.80387848
-28.89982544
22.38546276
43.99403136
17.23232923
-22.55248189
-29.30713608
1.72264653
31.11647336
21.73111682
-18.76319246
-45.63789418
-25.78641865
25.38561209
58.02499483
38.18431858
-17.45907134
-57.78357892
-47.36917247
0.43595860
39.96983366
39.96554885
10.94476653
-13.01343475
-13.76871862
-4.28128065
-5.37133616
-16.25922524
-16.50420929
4.39831084
29.34310290
31.94206748
8.12928257
-18.81865273
-25.39771793
-12.70328585
-0.07825455
0.76284288
-2.26387269
4.34530938
19.87880997
28.01893917
14.32764121
-16.96807102
-43.55653991
-42.29410925
-8.76950100
36.23055722
59.35371014
39.34174584
-13.24711566
-58.81293894
-58.03264207
-7.86669535
49.81265098
62.67173992
17.94075707
-42.49212684
-61.43663409
-22.21866836
36.24809012
59.35556818
28.92095653
-23.89566961
-52.31882593
-36.61144532
3.97407514
34.51916118
35.59540519
14.20526216
-9.27760672
-20.38486760
-18.27309773
-9.97848915
-1.55023356
5.26887125
10.83000414
14.45229434
13.58800976
5.73600436
-8.16511227
-21.58026967
-24.67275462
-11.63729281
11.84196009
29.42075601
26.57959755
5.23304850
-16.09486836
-20.49368490
-10.50227864
-3.16966787
-6.42549298
-7.07442423
10.63973987
37.23948187
40.16700948
1.37039172
-52.26720686
-68.13420601
-23.25363251
45.25965076
73.67283984
36.50215144
-27.71843458
-57.70505472
-31.37806151
17.41510689
39.15732232
17.51799088
-21.24921720
-38.13356137
-15.86909883
28.63585090
57.02596329
38.22016739
-22.44539046
-77.82520076
-73.72007632
-2.53418903
78.56068557
95.70487822
31.86805209
-53.22042022
-83.41198073
-42.59196978
17.05023950
39.59450560
23.28917249
6.75332420
10.81295543
14.75527858
-6.38453406
-39.44136492
-45.31137948
-9.66352258
35.40908411
47.31742786
20.66781312
-11.52908010
-20.35860653
-11.58247703
-8.86503199
-16.75463469
-14.39048099
11.94845716
42.00711361
39.61628849
-2.50191223
-46.76479762
-48.02749413
-4.21486905
39.12581289
38.12199814
-1.60042368
-33.05744671
-21.92174653
15.90915187
34.84398309
12.43026824
-26.38665362
-38.97459552
-12.38969570
24.73637744
35.64503631
13.95381578
-14.11383279
-21.38278540
-7.37395908
6.28188451
3.10498828
-9.99629630
-11.94664783
7.09935046
31.25755247
31.88214763
-1.87988422
-45.10920880
-55.23660687
-14.88149178
44.03838331
66.70957650
30.59234147
-29.68374643
-57.69454328
-33.07433898
12.07601614
33.14760146
19.63532428
-3.05859441
-9.68896467
-0.76048517
7.36681649
5.08219928
-5.10222789
-17.24366938
-24.24498301
-14.69608571
17.21903353
52.85330876
53.80763269
1.89970720
-67.37256302
-88.24626615
-32.09118518
55.11763133
94.23038937
52.70924513
-24.72900218
-66.89255489
-48.26866270
-3.37821113
22.76604652
21.92213797
15.55037836
15.24319212
8.59436474
-14.08810422
-35.24633319
-26.79154626
11.04640618
41.34036046
29.21612654
-15.71325776
-45.37942856
-24.96117341
26.74878122
54.92135104
26.70588948
-33.02185533
-66.38554543
-40.40426681
22.29451770
67.60519816
59.55260777
7.13625446
-48.96526797
-69.42111208
-41.48495297
15.02322330
60.25316652
60.70154790
15.89301156
-37.60693753
-55.66547988
-26.78177828
17.56120804
35.66195536
17.38445448
-10.27150223
-17.40012572
-3.22646872
9.99558553
8.13283511
-0.61887203
-3.26534729
-1.90873921
-6.63972051
-14.41660006
-9.05762165
13.88837069
33.17048496
23.34551757
-12.30448998
-40.30793291
-32.01409773
4.97501465
34.58629930
29.53090017
-2.26671407
-27.41492301
-20.79310039
9.76996733
30.76607420
16.41375647
-22.52918552
-45.25738513
-21.86195861
30.81587331
60.42473390
32.41413645
-29.83113816
-65.34787452
-38.60057176
22.75215858
57.43648856
34.94443869
-15.71348725
-41.57348116
-22.66967579
12.34253692
23.98860801
5.94787773
-13.58323358
-9.32049604
11.52254232
20.28304287
2.24780561
-25.55758294
-32.76063429
-8.02055046
29.05047084
46.33872384
27.76614394
-14.06551628
-48.93288189
-51.71364191
-19.36105104
27.77761376
59.45875815
55.00365494
16.49354015
-33.10896617
-65.22040133
-62.31357131
-24.80589756
31.42409701
79.32655660
87.12217407
36.05387597
-54.12574494
-120.84183581
-100.85960228
5.17279797
114.33361384
128.16866422
30.97283208
-85.86564735
-111.91859005
-31.09775804
64.09693881
75.39481259
3.63087135
-61.00854228
-46.48909637
23.00349890
64.04999868
33.77576428
-27.26682724
-51.74480162
-24.53817021
10.60927105
14.80152826
1.18847694
7.62390772
35.92370032
41.56234183
-7.89417469
-78.08220417
-91.84691121
-14.78807950
93.60138740
129.16159539
48.72998108
-79.28402431
-137.63672695
-74.81595254
46.35711416
114.54956532
78.74005685
-11.96518043
-70.13434982
-58.34891999
-10.99675095
20.13701481
22.82534700
20.18076046
23.95951211
14.90035697
-22.14472906
-59.42198371
-46.68083657
23.28779820
87.40726760
71.60102066
-22.12721973
-105.21781203
-91.06373029
11.84814978
106.05038626
103.55551351
10.21730631
-87.07991256
-106.02373484
-37.82224700
55.80340366
99.25978340
60.86616548
-26.04196959
-88.84921280
-73.35752020
7.20780170
78.96815478
74.80371679
1.39571521
-66.89333667
-65.73457783
-5.79647998
46.73480618
46.42218338
9.92580345
-18.37434629
-21.34247887
-14.61319519
-10.02866230
0.55926977
20.30425022
28.86540302
7.56503914
-26.69285727
-34.59177489
-4.13446087
30.55908771
30.17873980
-1.94308180
-27.06623153
-20.51662112
2.73969636
14.47904975
9.31585659
2.77485264
2.58499349
-0.37396467
-10.63080536
-14.42871164
0.03979165
17.96669239
12.21877697
-15.67394279
-27.55927708
3.71863550
48.82266745
46.50210932
-20.10558208
-88.70444975
-77.76941812
19.27534464
114.63957032
111.19865066
4.19675705
-109.62002762
-126.48334102
-35.79742825
74.89478930
109.50955453
52.15371873
-30.86561426
-66.12938167
-40.69557531
2.00722460
19.26774660
9.99093850
1.04208143
7.26999015
16.61132654
11.93132363
-4.98258209
-17.98216322
-18.68055167
-13.74190359
-9.40498181
1.02309792
24.89111838
48.31683669
40.02853841
-12.20944089
-72.86352846
-81.90010023
-17.82224826
68.19275118
96.03396751
39.80696445
-42.47822114
-71.24997446
-30.85831772
20.35436627
24.37186180
-9.31949047
-22.84878158
12.70075641
58.05466719
51.10924778
-17.76392565
-87.61493907
-86.79802882
-7.17520016
83.97228808
106.12574321
40.70940297
-52.93288221
-94.72646628
-57.51769674
14.13125226
54.80900597
42.65123789
10.22393863
-3.45460828
0.91201911
-6.73220662
-35.87767386
-53.51560882
-22.68626834
44.65557405
88.96337939
62.73823257
-18.18199432
-88.19792691
-92.57596679
-31.30295429
48.99222181
94.69351134
78.70884134
12.04687689
-63.45339437
-98.04429083
-66.55958123
10.19853464
77.79073085
89.56341557
41.88415060
-27.74864501
-73.59323643
-72.34561796
-29.68690434
30.00844314
74.54427950
74.61086551
21.98848739
-53.92303177
-96.62223016
-66.23677645
19.41445181
92.66438442
93.20162542
21.15486547
-64.87549991
-99.29190188
-60.07293356
21.00925869
85.94366018
89.30375446
26.74668581
-58.97434330
-102.72000549
-65.65040803
26.78367203
98.46019119
87.04051414
2.62545411
-79.54960449
-88.97169480
-23.93245978
52.27261366
74.71826596
34.11211789
-24.25682301
-49.71735680
-30.61894642
4.63543455
21.85835224
13.00154040
-2.44183548
-2.76357871
11.58311418
