-965.0
-1002.0
-995.0
-990.0
-976.0
-975.0
-1036.0
-1105.0
-1093.0
-1120.0
-1249.0
-1297.0
-1269.0
-1354.0
-1440.0
-1336.0
-1315.0
-1465.0
-1377.0
-1323.0
-1209.0
-1185.0
-1345.0
-1496.0
-1657.0
-1683.0
-1516.0
-1300.0
-1341.0
-1499.0
-1487.0
-1477.0
-1484.0
-1468.0
-1436.0
-1332.0
-1390.0
-1279.0
-1231.0
-1251.0
-1276.0
-1310.0
-1397.0
-1397.0
-1295.0
-1182.0
-1064.0
-1098.0
-1028.0
-997.0
-595.0
-507.0
-623.0
-543.0
-431.0
-295.0
-204.0
-135.0
-27.0
62.0
120.0
105.0
86.0
4.0
30.0
69.0
126.0
172.0
279.0
528.0
666.0
737.0
745.0
721.0
566.0
478.0
509.0
395.0
334.0
357.0
412.0
365.0
308.0
292.0
196.0
100.0
57.0
118.0
82.0
233.0
314.0
337.0
373.0
180.0
136.0
131.0
5.0
-128.0
-304.0
-238.0
-157.0
-215.0
-306.0
-342.0
-230.0
-146.0
-58.0
-85.0
12.0
30.0
68.0
164.0
295.0
306.0
233.0
153.0
79.0
-28.0
-136.0
-122.0
-36.0
-121.0
-103.0
-104.0
-236.0
-396.0
-513.0
-380.0
-227.0
-239.0
-164.0
-24.0
-150.0
-67.0
59.0
-46.0
-382.0
-685.0
-399.0
-372.0
-636.0
-684.0
-850.0
-859.0
-978.0
-1357.0
-1562.0
-1264.0
-1331.0
-1451.0
-1400.0
-1466.0
-1471.0
-1273.0
-1260.0
-1560.0
-1335.0
-1173.0
-1255.0
-1122.0
-979.0
-773.0
-786.0
-782.0
-766.0
-667.0
-847.0
-858.0
-606.0
-502.0
-404.0
-286.0
56.0
136.0
8.0
171.0
319.0
353.0
552.0
291.0
581.0
991.0
938.0
1279.0
1444.0
1589.0
1388.0
1260.0
770.0
682.0
1140.0
1215.0
903.0
317.0
190.0
-201.0
-229.0
-133.0
-77.0
310.0
249.0
351.0
536.0
409.0
141.0
290.0
567.0
276.0
173.0
293.0
85.0
-71.0
60.0
109.0
132.0
122.0
130.0
285.0
183.0
181.0
263.0
204.0
278.0
359.0
295.0
299.0
392.0
262.0
125.0
77.0
98.0
96.0
-18.0
197.0
390.0
335.0
400.0
432.0
311.0
346.0
150.0
72.0
-105.0
205.0
189.0
79.0
-235.0
142.0
451.0
240.0
140.0
31.0
71.0
-48.0
-118.0
-270.0
-459.0
-594.0
-680.0
-776.0
-790.0
-865.0
-860.0
-800.0
-705.0
-727.0
-812.0
-832.0
-840.0
-659.0
-574.0
-443.0
-473.0
-431.0
-311.0
-320.0
-299.0
-510.0
-601.0
-689.0
-784.0
-852.0
-1112.0
-1157.0
-1201.0
-1409.0
-1484.0
-1496.0
-1354.0
-1380.0
-1341.0
-1296.0
-1419.0
-1504.0
-1426.0
-1326.0
-1409.0
-1500.0
-1642.0
-1813.0
-1820.0
-1659.0
-1467.0
-1462.0
-1663.0
-1564.0
-1205.0
-1069.0
-1108.0
-1140.0
-1213.0
-841.0
-979.0
-911.0
-876.0
-786.0
-839.0
-811.0
-601.0
-385.0
-637.0
-687.0
100.0
277.0
291.0
147.0
168.0
237.0
398.0
439.0
387.0
275.0
13.0
677.0
906.0
690.0
785.0
699.0
776.0
725.0
798.0
815.0
874.0
907.0
779.0
739.0
683.0
681.0
829.0
777.0
660.0
783.0
1014.0
998.0
1089.0
1019.0
982.0
901.0
961.0
958.0
970.0
952.0
888.0
855.0
793.0
566.0
490.0
437.0
414.0
331.0
307.0
282.0
273.0
303.0
225.0
243.0
135.0
65.0
168.0
156.0
90.0
41.0
-16.0
-69.0
-210.0
-377.0
-468.0
-434.0
-292.0
-94.0
-66.0
-89.0
-89.0
-2.0
20.0
25.0
69.0
202.0
256.0
299.0
236.0
169.0
135.0
58.0
34.0
-166.0
73.0
454.0
348.0
230.0
233.0
311.0
248.0
76.0
1.0
-50.0
-343.0
-161.0
-12.0
-292.0
-198.0
-89.0
-79.0
-109.0
-393.0
-258.0
-209.0
-112.0
-229.0
-321.0
-338.0
-500.0
-472.0
-404.0
-603.0
-610.0
-664.0
-582.0
-566.0
-524.0
-667.0
-624.0
-644.0
-608.0
-481.0
-363.0
-248.0
-292.0
-369.0
-427.0
-486.0
-369.0
-359.0
-402.0
-640.0
-472.0
-475.0
-422.0
-327.0
-310.0
-508.0
-597.0
-485.0
-343.0
-495.0
-457.0
-391.0
-640.0
-838.0
-795.0
-605.0
-655.0
-668.0
-735.0
-600.0
-645.0
-621.0
-478.0
-313.0
-177.0
-113.0
25.0
165.0
297.0
417.0
492.0
439.0
384.0
322.0
405.0
687.0
784.0
734.0
724.0
718.0
629.0
651.0
725.0
859.0
915.0
954.0
853.0
783.0
825.0
833.0
848.0
841.0
899.0
896.0
1001.0
923.0
547.0
526.0
535.0
750.0
619.0
429.0
434.0
518.0
542.0
412.0
362.0
328.0
455.0
464.0
262.0
544.0
374.0
621.0
466.0
506.0
563.0
340.0
547.0
619.0
641.0
418.0
363.0
208.0
93.0
195.0
19.0
46.0
49.0
-1.0
-63.0
-124.0
-30.0
-62.0
35.0
-160.0
-284.0
-483.0
-476.0
-602.0
-566.0
-421.0
-487.0
-393.0
-324.0
-234.0
-338.0
-355.0
-405.0
-423.0
-475.0
-381.0
-523.0
-509.0
-408.0
-385.0
-413.0
-401.0
-382.0
-544.0
-411.0
-627.0
-549.0
-433.0
-439.0
-427.0
-438.0
-574.0
-549.0
-488.0
-340.0
-385.0
-311.0
-361.0
-494.0
-589.0
-408.0
-449.0
-402.0
-450.0
-518.0
-705.0
-824.0
-760.0
-902.0
-1019.0
-1196.0
-1072.0
-1178.0
-1248.0
-1209.0
-1263.0
-1261.0
-1380.0
-1384.0
-1408.0
-1469.0
-1459.0
-1414.0
-1391.0
-1315.0
-1281.0
-1388.0
-1322.0
-1271.0
-1259.0
-1172.0
-1180.0
-1142.0
-1053.0
-1062.0
-1077.0
-1067.0
-1039.0
-1048.0
-1125.0
-1033.0
-937.0
-776.0
-724.0
-677.0
-593.0
-469.0
-378.0
-307.0
-207.0
-107.0
-129.0
-141.0
-180.0
-146.0
-137.0
-126.0
-79.0
44.0
195.0
223.0
317.0
431.0
449.0
379.0
354.0
299.0
222.0
225.0
208.0
301.0
325.0
224.0
157.0
73.0
-26.0
-63.0
-11.0
-27.0
-74.0
-27.0
50.0
76.0
116.0
173.0
223.0
222.0
389.0
404.0
360.0
325.0
420.0
481.0
494.0
198.0
280.0
399.0
541.0
478.0
394.0
315.0
251.0
154.0
247.0
60.0
121.0
179.0
178.0
169.0
163.0
156.0
235.0
340.0
475.0
407.0
470.0
414.0
256.0
311.0
55.0
116.0
35.0
-10.0
-83.0
-22.0
11.0
-235.0
-273.0
-228.0
-175.0
-151.0
-89.0
-147.0
-293.0
-412.0
-432.0
-580.0
-486.0
-401.0
-521.0
-607.0
-535.0
-701.0
-523.0
-523.0
-653.0
-695.0
-555.0
-653.0
-749.0
-762.0
-661.0
-650.0
-786.0
-945.0
-724.0
-690.0
-746.0
-736.0
-605.0
-588.0
-608.0
-480.0
-673.0
-529.0
-280.0
-335.0
-672.0
-796.0
-588.0
-518.0
-675.0
-688.0
-875.0
-839.0
-948.0
-1013.0
-878.0
-894.0
-846.0
-859.0
-934.0
-794.0
-815.0
-505.0
-342.0
-177.0
-105.0
-75.0
-20.0
8.0
-50.0
-75.0
-117.0
-23.0
24.0
25.0
30.0
-84.0
-127.0
-82.0
-227.0
-119.0
108.0
175.0
205.0
332.0
279.0
341.0
465.0
485.0
516.0
650.0
804.0
909.0
979.0
878.0
740.0
775.0
786.0
703.0
515.0
510.0
479.0
491.0
486.0
455.0
506.0
389.0
349.0
334.0
300.0
183.0
186.0
191.0
383.0
514.0
579.0
567.0
541.0
553.0
558.0
435.0
446.0
402.0
441.0
601.0
618.0
654.0
650.0
720.0
650.0
553.0
612.0
603.0
402.0
455.0
395.0
396.0
219.0
186.0
298.0
246.0
146.0
59.0
170.0
81.0
-58.0
-101.0
-80.0
-218.0
-220.0
-329.0
-289.0
-280.0
-171.0
-116.0
-115.0
-28.0
-172.0
-226.0
-205.0
-67.0
-99.0
-161.0
-21.0
-63.0
-246.0
-268.0
-278.0
-293.0
-314.0
-430.0
-496.0
-380.0
-239.0
-156.0
-100.0
-6.0
-65.0
-89.0
-54.0
-104.0
-182.0
-235.0
-73.0
-234.0
-173.0
-243.0
-180.0
-233.0
-164.0
-54.0
-19.0
107.0
5.0
-29.0
-96.0
-261.0
-212.0
-171.0
-257.0
-226.0
-235.0
-461.0
-502.0
-348.0
-299.0
-250.0
-194.0
-258.0
-351.0
-504.0
-608.0
-601.0
-577.0
-538.0
-567.0
-573.0
-608.0
-557.0
-565.0
-498.0
-337.0
-273.0
-281.0
-173.0
-146.0
-87.0
-13.0
4.0
-36.0
-98.0
-182.0
-146.0
-65.0
-42.0
7.0
140.0
173.0
291.0
313.0
177.0
27.0
-78.0
-41.0
26.0
93.0
204.0
263.0
391.0
489.0
620.0
707.0
709.0
681.0
684.0
688.0
700.0
635.0
604.0
537.0
638.0
600.0
623.0
581.0
544.0
602.0
652.0
871.0
926.0
965.0
965.0
964.0
1075.0
1055.0
1162.0
1094.0
955.0
727.0
706.0
812.0
860.0
802.0
820.0
813.0
691.0
610.0
470.0
462.0
534.0
643.0
528.0
585.0
614.0
653.0
438.0
432.0
370.0
318.0
136.0
154.0
271.0
384.0
313.0
111.0
-46.0
-164.0
-241.0
-80.0
-159.0
-348.0
-498.0
-276.0
-410.0
-305.0
-467.0
-508.0
-582.0
-465.0
-467.0
-412.0
-359.0
-436.0
-369.0
-284.0
-499.0
-370.0
-358.0
-507.0
-473.0
-481.0
-433.0
-363.0
-396.0
-253.0
-220.0
-268.0
-303.0
-244.0
-154.0
-51.0
6.0
-283.0
-361.0
-334.0
-404.0
-416.0
-532.0
-385.0
-471.0
-368.0
-499.0
-642.0
-697.0
-670.0
-641.0
-498.0
-397.0
-336.0
-277.0
-401.0
-508.0
-516.0
-466.0
-365.0
-377.0
-372.0
-328.0
-230.0
-113.0
-161.0
-202.0
-220.0
-184.0
45.0
192.0
189.0
229.0
184.0
308.0
461.0
517.0
507.0
494.0
415.0
478.0
766.0
666.0
596.0
567.0
639.0
682.0
720.0
748.0
927.0
743.0
739.0
791.0
797.0
898.0
924.0
827.0
830.0
729.0
665.0
598.0
594.0
618.0
611.0
684.0
636.0
609.0
594.0
589.0
702.0
703.0
708.0
579.0
592.0
701.0
847.0
824.0
855.0
895.0
778.0
699.0
736.0
705.0
922.0
996.0
966.0
909.0
888.0
783.0
768.0
848.0
692.0
833.0
860.0
880.0
903.0
885.0
966.0
842.0
915.0
825.0
744.0
744.0
583.0
628.0
691.0
474.0
291.0
221.0
137.0
-62.0
-173.0
-225.0
-386.0
-109.0
-46.0
-135.0
-50.0
101.0
54.0
-46.0
-71.0
105.0
-34.0
57.0
133.0
99.0
54.0
-60.0
-274.0
-356.0
-286.0
-357.0
4.0
128.0
166.0
175.0
75.0
-44.0
-167.0
-171.0
-144.0
-204.0
-146.0
-108.0
-135.0
-311.0
-448.0
-545.0
-479.0
-370.0
-391.0
-348.0
-328.0
-730.0
-744.0
-511.0
-456.0
-527.0
-605.0
-682.0
-658.0
-648.0
-663.0
-626.0
-689.0
-538.0
-483.0
-379.0
-147.0
2.0
-28.0
-8.0
38.0
-31.0
126.0
60.0
81.0
215.0
91.0
127.0
213.0
277.0
349.0
428.0
411.0
494.0
348.0
282.0
364.0
399.0
391.0
422.0
338.0
418.0
657.0
735.0
797.0
921.0
1163.0
1185.0
1347.0
1169.0
1047.0
1185.0
1265.0
1199.0
1220.0
1336.0
1324.0
1239.0
1075.0
1095.0
949.0
844.0
802.0
709.0
765.0
687.0
688.0
741.0
692.0
633.0
645.0
626.0
558.0
587.0
540.0
619.0
642.0
734.0
711.0
632.0
672.0
680.0
466.0
278.0
203.0
179.0
133.0
39.0
-4.0
39.0
128.0
98.0
177.0
152.0
110.0
117.0
149.0
1.0
239.0
233.0
338.0
260.0
167.0
250.0
172.0
106.0
124.0
122.0
68.0
4.0
8.0
30.0
-2.0
-36.0
-2.0
38.0
31.0
69.0
101.0
170.0
208.0
88.0
-24.0
-71.0
-56.0
-92.0
-208.0
-171.0
-55.0
2.0
-37.0
-41.0
-60.0
-49.0
-73.0
-142.0
-277.0
-305.0
-428.0
-417.0
-441.0
-379.0
-272.0
-355.0
-385.0
-414.0
-235.0
-215.0
-297.0
-365.0
-334.0
-341.0
-297.0
-332.0
-263.0
-174.0
-304.0
-487.0
-622.0
-724.0
-688.0
-650.0
-571.0
-472.0
-458.0
-451.0
-493.0
-375.0
-408.0
-401.0
-438.0
-458.0
-465.0
-405.0
-389.0
-375.0
-349.0
-341.0
-459.0
-549.0
-453.0
-397.0
-327.0
-180.0
-14.0
93.0
10.0
81.0
48.0
20.0
79.0
120.0
89.0
42.0
4.0
-97.0
-106.0
-239.0
-110.0
113.0
183.0
309.0
439.0
470.0
599.0
766.0
814.0
802.0
938.0
845.0
731.0
679.0
677.0
613.0
663.0
678.0
671.0
647.0
709.0
765.0
777.0
771.0
742.0
704.0
491.0
349.0
276.0
250.0
239.0
236.0
155.0
72.0
146.0
220.0
237.0
326.0
404.0
508.0
527.0
399.0
332.0
322.0
266.0
32.0
-68.0
-37.0
12.0
40.0
101.0
149.0
141.0
181.0
236.0
199.0
257.0
184.0
227.0
145.0
54.0
3.0
-42.0
-67.0
-71.0
-47.0
-56.0
-111.0
-71.0
-15.0
-54.0
-89.0
-28.0
-5.0
-42.0
-57.0
-157.0
-178.0
-348.0
-492.0
-468.0
-481.0
-551.0
-637.0
-612.0
-561.0
-540.0
-370.0
-174.0
-209.0
-247.0
-199.0
-194.0
-319.0
-318.0
-154.0
-378.0
-519.0
-489.0
-604.0
-634.0
-668.0
-671.0
-655.0
-856.0
-840.0
-855.0
-832.0
-762.0
-726.0
-723.0
-937.0
-767.0
-412.0
-391.0
-541.0
-537.0
-510.0
-567.0
-498.0
-460.0
-607.0
-696.0
-781.0
-855.0
-772.0
-812.0
-674.0
-474.0
-358.0
-211.0
-261.0
-384.0
-291.0
-244.0
-281.0
-394.0
-413.0
-307.0
-219.0
-57.0
-99.0
-74.0
-155.0
-189.0
-155.0
-70.0
-3.0
79.0
74.0
52.0
-18.0
-70.0
-162.0
-98.0
136.0
178.0
270.0
450.0
339.0
424.0
574.0
598.0
541.0
384.0
214.0
158.0
153.0
130.0
140.0
146.0
99.0
119.0
259.0
372.0
443.0
413.0
341.0
356.0
413.0
362.0
367.0
316.0
280.0
207.0
154.0
123.0
110.0
71.0
127.0
194.0
276.0
227.0
264.0
304.0
398.0
476.0
528.0
664.0
734.0
783.0
753.0
702.0
662.0
669.0
681.0
673.0
658.0
715.0
807.0
889.0
825.0
821.0
890.0
781.0
825.0
870.0
755.0
716.0
785.0
738.0
657.0
606.0
638.0
570.0
513.0
494.0
467.0
434.0
409.0
285.0
283.0
190.0
100.0
2.0
-86.0
-119.0
-18.0
-80.0
-183.0
-211.0
-209.0
-178.0
-279.0
-268.0
-243.0
-84.0
67.0
153.0
303.0
367.0
398.0
448.0
409.0
375.0
284.0
175.0
237.0
241.0
270.0
350.0
392.0
408.0
447.0
471.0
544.0
557.0
422.0
342.0
317.0
207.0
149.0
145.0
7.0
-47.0
-15.0
7.0
108.0
139.0
134.0
178.0
127.0
168.0
202.0
69.0
-3.0
20.0
22.0
-70.0
-142.0
-165.0
-213.0
-243.0
-266.0
-245.0
-139.0
1.0
127.0
162.0
300.0
299.0
281.0
362.0
349.0
352.0
284.0
296.0
182.0
129.0
100.0
177.0
141.0
144.0
178.0
137.0
54.0
-67.0
33.0
20.0
-148.0
-341.0
-305.0
-271.0
-455.0
-547.0
-568.0
-596.0
-560.0
-592.0
-552.0
-677.0
-700.0
-721.0
-903.0
-951.0
-886.0
-788.0
-611.0
-394.0
-372.0
-365.0
-331.0
-151.0
-89.0
-172.0
-372.0
-491.0
-610.0
-611.0
-653.0
-700.0
-781.0
-695.0
-592.0
-611.0
-519.0
-448.0
-473.0
-432.0
-371.0
-253.0
-279.0
-282.0
-212.0
-151.0
-94.0
-173.0
-266.0
-167.0
-82.0
-66.0
-113.0
-214.0
-268.0
-229.0
-185.0
-216.0
-286.0
-346.0
-412.0
-483.0
-510.0
-374.0
-355.0
-247.0
-126.0
-64.0
60.0
-85.0
-151.0
-100.0
-127.0
-88.0
-118.0
-147.0
-203.0
-304.0
-158.0
-45.0
52.0
73.0
116.0
109.0
21.0
106.0
122.0
225.0
239.0
299.0
306.0
285.0
228.0
79.0
29.0
37.0
-6.0
58.0
135.0
173.0
178.0
147.0
141.0
90.0
68.0
111.0
176.0
177.0
207.0
180.0
136.0
197.0
157.0
151.0
136.0
126.0
255.0
384.0
396.0
512.0
558.0
574.0
465.0
493.0
525.0
555.0
641.0
663.0
626.0
611.0
643.0
644.0
585.0
458.0
393.0
477.0
452.0
526.0
585.0
596.0
540.0
545.0
609.0
571.0
392.0
331.0
314.0
241.0
215.0
164.0
132.0
108.0
67.0
-9.0
-111.0
-81.0
-109.0
-163.0
-173.0
-146.0
-83.0
-42.0
-20.0
-2.0
50.0
96.0
164.0
207.0
124.0
103.0
64.0
7.0
37.0
44.0
27.0
-27.0
-41.0
-47.0
-56.0
-58.0
-8.0
38.0
35.0
38.0
8.0
-23.0
-136.0
-289.0
-362.0
-279.0
-209.0
-204.0
-176.0
-102.0
-62.0
-23.0
-44.0
-21.0
-96.0
-141.0
-313.0
-513.0
-604.0
-660.0
-708.0
-788.0
-738.0
-742.0
-647.0
-536.0
-606.0
-631.0
-681.0
-664.0
-731.0
-752.0
-705.0
-687.0
-704.0
-744.0
-740.0
-745.0
-641.0
-588.0
-632.0
-585.0
-572.0
-654.0
-690.0
-685.0
-681.0
-660.0
-787.0
-923.0
-970.0
-964.0
-880.0
-879.0
-845.0
-773.0
-744.0
-649.0
-595.0
-578.0
-482.0
-466.0
-434.0
-409.0
-468.0
-521.0
-544.0
-539.0
-493.0
-667.0
-654.0
-585.0
-592.0
-546.0
-498.0
-489.0
-405.0
-363.0
-317.0
-326.0
-242.0
-301.0
-315.0
-207.0
-258.0
-259.0
-310.0
-171.0
-201.0
-206.0
-212.0
-288.0
-205.0
-140.0
-188.0
-275.0
-269.0
-237.0
-166.0
-71.0
-145.0
-76.0
-148.0
-91.0
-49.0
-43.0
-50.0
46.0
156.0
32.0
62.0
82.0
165.0
176.0
189.0
278.0
304.0
310.0
308.0
233.0
223.0
23.0
-58.0
-103.0
-186.0
-273.0
-210.0
-240.0
-179.0
-150.0
-142.0
-87.0
-58.0
67.0
119.0
105.0
188.0
299.0
345.0
367.0
323.0
290.0
270.0
300.0
259.0
222.0
194.0
179.0
132.0
136.0
124.0
94.0
66.0
87.0
149.0
274.0
319.0
180.0
184.0
123.0
88.0
122.0
153.0
159.0
159.0
210.0
246.0
268.0
261.0
274.0
324.0
246.0
211.0
111.0
-35.0
-141.0
-264.0
-392.0
-422.0
-435.0
-387.0
-417.0
-458.0
-475.0
-526.0
-517.0
-400.0
-293.0
-255.0
-320.0
-271.0
-325.0
-354.0
-339.0
-419.0
-469.0
-433.0
-547.0
-673.0
-696.0
-728.0
-765.0
-743.0
-778.0
-930.0
-915.0
-931.0
-972.0
-1007.0
-1005.0
-1017.0
-1034.0
-1114.0
-1103.0
-1124.0
-1104.0
-960.0
-1025.0
-923.0
-1068.0
-1049.0
-957.0
-876.0
-925.0
-861.0
-770.0
-690.0
-658.0
-651.0
-641.0
-642.0
-560.0
-639.0
-672.0
-679.0
-733.0
-816.0
-895.0
-856.0
-880.0
-917.0
-984.0
-1025.0
-1012.0
-1054.0
-1026.0
-1014.0
-1014.0
-991.0
-953.0
-910.0
-897.0
-1077.0
-1070.0
-931.0
-855.0
-860.0
-895.0
-867.0
-906.0
-869.0
-767.0
-656.0
-642.0
-687.0
-724.0
-696.0
-658.0
-777.0
-736.0
-654.0
-610.0
-546.0
-526.0
-442.0
-403.0
-380.0
-377.0
-322.0
-282.0
-168.0
-94.0
-90.0
-25.0
-9.0
73.0
123.0
76.0
36.0
17.0
40.0
23.0
-51.0
-61.0
-94.0
-223.0
-275.0
-247.0
-281.0
-207.0
-180.0
-206.0
-162.0
-223.0
-241.0
-241.0
-229.0
-113.0
-16.0
155.0
238.0
247.0
298.0
368.0
400.0
451.0
440.0
368.0
292.0
299.0
346.0
331.0
362.0
326.0
297.0
332.0
297.0
249.0
255.0
329.0
335.0
313.0
173.0
32.0
11.0
-133.0
-134.0
-90.0
-81.0
-24.0
35.0
91.0
117.0
153.0
183.0
195.0
135.0
131.0
46.0
12.0
12.0
-15.0
-24.0
-96.0
-203.0
-325.0
-433.0
-440.0
-410.0
-341.0
-252.0
-170.0
1.0
172.0
292.0
358.0
318.0
193.0
169.0
85.0
-40.0
-138.0
-202.0
-366.0
-407.0
-446.0
-508.0
-545.0
-585.0
-552.0
-499.0
-448.0
-525.0
-386.0
-401.0
-359.0
-323.0
-320.0
-274.0
-345.0
-223.0
-66.0
-167.0
-143.0
-61.0
11.0
61.0
34.0
-24.0
12.0
-96.0
-149.0
-274.0
-440.0
-436.0
-497.0
-507.0
-722.0
-811.0
-898.0
-929.0
-1028.0
-1080.0
-937.0
-1027.0
-1060.0
-1046.0
-1033.0
-867.0
-670.0
-599.0
-542.0
-347.0
-218.0
-160.0
-293.0
-385.0
-356.0
-463.0
-545.0
-625.0
-516.0
-530.0
-636.0
-688.0
-777.0
-711.0
-664.0
-639.0
-600.0
-680.0
-597.0
-664.0
-711.0
-681.0
-596.0
-629.0
-646.0
-598.0
-649.0
-572.0
-489.0
-376.0
-402.0
-427.0
-475.0
-386.0
-447.0
-521.0
-624.0
-583.0
-585.0
-589.0
-606.0
-643.0
-704.0
-609.0
-550.0
-478.0
-452.0
-392.0
-289.0
-312.0
-358.0
-335.0
-345.0
-246.0
-97.0
8.0
171.0
198.0
191.0
237.0
277.0
267.0
359.0
434.0
604.0
719.0
679.0
646.0
629.0
576.0
529.0
509.0
451.0
398.0
277.0
251.0
170.0
128.0
85.0
99.0
136.0
-6.0
-107.0
-246.0
-310.0
-275.0
-220.0
-171.0
-69.0
-18.0
-20.0
-93.0
-163.0
-230.0
-332.0
-308.0
-408.0
-488.0
-544.0
-512.0
-476.0
-449.0
-409.0
-262.0
-99.0
13.0
192.0
264.0
358.0
363.0
389.0
378.0
276.0
226.0
170.0
35.0
-57.0
-137.0
-138.0
-122.0
-150.0
-83.0
46.0
29.0
26.0
58.0
66.0
118.0
156.0
156.0
70.0
46.0
7.0
-64.0
-94.0
-129.0
-135.0
-109.0
-73.0
-87.0
-160.0
-237.0
-280.0
-254.0
-233.0
-297.0
-361.0
-448.0
-399.0
-527.0
-561.0
-521.0
-728.0
-736.0
-694.0
-727.0
-797.0
-699.0
-715.0
-573.0
-667.0
-854.0
-784.0
-791.0
-690.0
-777.0
-820.0
-901.0
-997.0
-1159.0
-1174.0
-1166.0
-1062.0
-1020.0
-966.0
-883.0
-891.0
-864.0
-864.0
-758.0
-732.0
-801.0
-729.0
-683.0
-571.0
-673.0
-644.0
-661.0
-538.0
-400.0
-471.0
-473.0
-460.0
-511.0
-319.0
-41.0
56.0
47.0
-43.0
-115.0
346.0
520.0
377.0
477.0
577.0
454.0
615.0
1001.0
943.0
1029.0
1025.0
772.0
702.0
723.0
925.0
835.0
533.0
40.0
103.0
375.0
772.0
630.0
199.0
-186.0
-99.0
-152.0
-58.0
154.0
6.0
-193.0
-95.0
-274.0
-157.0
-10.0
-30.0
-76.0
7.0
46.0
46.0
39.0
59.0
114.0
242.0
314.0
408.0
554.0
565.0
518.0
450.0
391.0
403.0
343.0
383.0
511.0
680.0
949.0
1096.0
1073.0
1123.0
1263.0
1224.0
1074.0
774.0
759.0
860.0
629.0
794.0
761.0
662.0
517.0
399.0
387.0
667.0
917.0
819.0
671.0
565.0
598.0
706.0
725.0
414.0
115.0
143.0
559.0
830.0
825.0
641.0
549.0
473.0
578.0
623.0
671.0
862.0
845.0
606.0
396.0
472.0
793.0
878.0
1102.0
977.0
689.0
410.0
145.0
124.0
-22.0
224.0
192.0
33.0
-217.0
-216.0
-154.0
-195.0
-166.0
7.0
259.0
153.0
15.0
42.0
-27.0
-155.0
-44.0
95.0
-23.0
-9.0
42.0
-48.0
93.0
160.0
137.0
182.0
123.0
226.0
520.0
403.0
330.0
289.0
363.0
474.0
647.0
659.0
494.0
461.0
309.0
51.0
-228.0
-293.0
-296.0
-423.0
-449.0
-299.0
-191.0
-62.0
-101.0
-97.0
-113.0
-206.0
-220.0
-190.0
-89.0
-25.0
5.0
29.0
-48.0
-71.0
-67.0
-159.0
-219.0
-307.0
-175.0
36.0
173.0
227.0
571.0
726.0
1058.0
1050.0
667.0
705.0
922.0
1124.0
1103.0
983.0
897.0
854.0
1159.0
1284.0
1065.0
1109.0
593.0
332.0
611.0
1003.0
1022.0
617.0
457.0
97.0
-115.0
-215.0
51.0
184.0
191.0
5.0
-209.0
-362.0
-430.0
-215.0
-190.0
-154.0
34.0
92.0
161.0
277.0
179.0
268.0
347.0
403.0
368.0
277.0
270.0
273.0
309.0
210.0
229.0
443.0
540.0
458.0
438.0
449.0
349.0
262.0
361.0
469.0
493.0
374.0
334.0
343.0
364.0
351.0
343.0
323.0
470.0
577.0
471.0
450.0
161.0
36.0
68.0
-7.0
-52.0
-34.0
-259.0
-544.0
-516.0
-474.0
-493.0
-506.0
-580.0
-628.0
-562.0
-533.0
-519.0
-393.0
-264.0
-344.0
-254.0
-304.0
-464.0
-463.0
-441.0
-436.0
-484.0
-589.0
-629.0
-617.0
-734.0
-712.0
-698.0
-727.0
-754.0
-761.0
-915.0
-935.0
-918.0
-796.0
-782.0
-698.0
-654.0
-679.0
-541.0
-504.0
-475.0
-524.0
-521.0
-453.0
-413.0
-433.0
-478.0
-388.0
-337.0
-301.0
-312.0
-356.0
-311.0
-296.0
-398.0
-428.0
-401.0
-365.0
-224.0
-131.0
-81.0
59.0
115.0
264.0
393.0
360.0
293.0
236.0
160.0
91.0
42.0
26.0
-49.0
-158.0
-250.0
-318.0
-367.0
-345.0
-225.0
-147.0
-109.0
-190.0
-201.0
-197.0
-251.0
-238.0
-219.0
-199.0
-189.0
-116.0
-78.0
-64.0
-46.0
-78.0
-76.0
-113.0
-177.0
-95.0
-153.0
-203.0
-197.0
-211.0
-211.0
-189.0
-182.0
-143.0
-104.0
-167.0
-175.0
-110.0
-174.0
-152.0
-16.0
24.0
87.0
161.0
260.0
211.0
259.0
269.0
267.0
321.0
218.0
194.0
179.0
164.0
262.0
279.0
347.0
329.0
249.0
155.0
116.0
181.0
92.0
105.0
157.0
64.0
73.0
78.0
64.0
-3.0
-81.0
-63.0
-119.0
-150.0
-142.0
-181.0
-170.0
-177.0
-222.0
-258.0
-308.0
-210.0
-260.0
-319.0
-257.0
-294.0
-341.0
-344.0
-373.0
-343.0
-402.0
-421.0
-404.0
-406.0
-428.0
-377.0
-297.0
-262.0
-176.0
-200.0
-239.0
-227.0
-290.0
-289.0
-307.0
-380.0
-483.0
-393.0
-308.0
-192.0
-78.0
44.0
116.0
221.0
335.0
399.0
468.0
498.0
463.0
419.0
426.0
371.0
339.0
372.0
305.0
308.0
293.0
328.0
282.0
291.0
302.0
280.0
281.0
251.0
183.0
130.0
110.0
78.0
71.0
28.0
37.0
38.0
-80.0
-142.0
-182.0
-210.0
-165.0
-41.0
58.0
66.0
37.0
28.0
-50.0
-165.0
-215.0
-342.0
-339.0
-373.0
-387.0
-269.0
-262.0
-251.0
-186.0
-151.0
10.0
37.0
136.0
274.0
317.0
254.0
306.0
263.0
265.0
291.0
231.0
106.0
-126.0
-243.0
-261.0
-298.0
-402.0
-537.0
-546.0
-662.0
-754.0
-948.0
-946.0
-648.0
-649.0
-685.0
-682.0
-587.0
-583.0
-661.0
-599.0
-496.0
-521.0
-599.0
-640.0
-742.0
-285.0
-85.0
-290.0
-381.0
-401.0
-464.0
-539.0
-627.0
-633.0
-699.0
-669.0
-617.0
-618.0
-622.0
-639.0
-593.0
-713.0
-478.0
-315.0
-76.0
204.0
5.0
-33.0
-78.0
-128.0
-140.0
-282.0
-291.0
-118.0
66.0
-62.0
-204.0
-311.0
-283.0
395.0
468.0
344.0
251.0
-85.0
-344.0
-81.0
207.0
429.0
202.0
-58.0
-315.0
-279.0
120.0
151.0
6.0
-181.0
-396.0
-427.0
-527.0
-425.0
-303.0
-301.0
-288.0
-216.0
55.0
235.0
187.0
223.0
246.0
314.0
384.0
371.0
216.0
218.0
220.0
342.0
495.0
500.0
641.0
859.0
819.0
742.0
784.0
941.0
759.0
693.0
805.0
952.0
976.0
778.0
464.0
384.0
405.0
231.0
341.0
409.0
603.0
500.0
232.0
97.0
-51.0
-298.0
-25.0
134.0
-63.0
-157.0
-405.0
-459.0
-462.0
-431.0
-404.0
-321.0
-141.0
-228.0
-388.0
-489.0
-473.0
-520.0
-568.0
-523.0
-344.0
-309.0
-546.0
-897.0
-1022.0
-1176.0
-1156.0
-778.0
-730.0
-660.0
-682.0
-681.0
-706.0
-830.0
-775.0
-823.0
-761.0
-758.0
-798.0
-863.0
-823.0
-790.0
-823.0
-813.0
-714.0
-651.0
-723.0
-746.0
-619.0
-580.0
-580.0
-527.0
-418.0
-327.0
-203.0
-226.0
-212.0
-133.0
-122.0
-82.0
-107.0
-91.0
-104.0
44.0
106.0
45.0
95.0
-39.0
-207.0
-251.0
-214.0
-160.0
-54.0
70.0
214.0
274.0
348.0
453.0
500.0
527.0
611.0
708.0
731.0
668.0
710.0
792.0
871.0
898.0
915.0
926.0
993.0
950.0
939.0
867.0
678.0
594.0
433.0
264.0
197.0
201.0
213.0
170.0
136.0
94.0
145.0
112.0
81.0
41.0
-79.0
-155.0
-202.0
-244.0
-221.0
-189.0
-244.0
-224.0
-188.0
-134.0
-172.0
-310.0
-468.0
-553.0
-559.0
-667.0
-736.0
-956.0
-948.0
-1012.0
-1076.0
-1074.0
-1091.0
-1084.0
-1087.0
-1096.0
-1064.0
-954.0
-737.0
-703.0
-562.0
-488.0
-438.0
-345.0
-474.0
-474.0
-378.0
-394.0
-487.0
-566.0
-608.0
-688.0
-759.0
-617.0
-663.0
-483.0
-384.0
-283.0
-229.0
-132.0
-101.0
-168.0
-71.0
-125.0
-51.0
32.0
28.0
65.0
162.0
58.0
115.0
299.0
304.0
169.0
244.0
334.0
767.0
953.0
799.0
683.0
404.0
354.0
541.0
623.0
660.0
630.0
666.0
522.0
477.0
503.0
418.0
226.0
81.0
190.0
237.0
227.0
173.0
54.0
-45.0
-131.0
-293.0
-398.0
-432.0
-516.0
-442.0
-397.0
-266.0
-194.0
-90.0
-132.0
-200.0
-193.0
-200.0
-267.0
-353.0
-312.0
-302.0
-313.0
-333.0
-300.0
-322.0
-294.0
-305.0
-224.0
-100.0
-50.0
-11.0
27.0
59.0
107.0
62.0
-7.0
168.0
246.0
288.0
231.0
126.0
126.0
96.0
56.0
137.0
120.0
-57.0
-9.0
115.0
179.0
206.0
227.0
364.0
344.0
176.0
142.0
-27.0
-164.0
-328.0
-490.0
-544.0
-533.0
-653.0
-559.0
-421.0
-491.0
-396.0
-375.0
-477.0
-457.0
-414.0
-415.0
-546.0
-593.0
-602.0
-649.0
-520.0
-561.0
-600.0
-616.0
-592.0
-532.0
-438.0
-444.0
-436.0
-372.0
-336.0
-371.0
-305.0
-313.0
-325.0
-279.0
-284.0
-323.0
-331.0
-290.0
-251.0
-278.0
-308.0
-261.0
-221.0
-239.0
-235.0
-286.0
-291.0
-348.0
-313.0
-417.0
-622.0
-536.0
-570.0
-625.0
-595.0
-552.0
-607.0
-697.0
-737.0
-779.0
-941.0
-959.0
-1106.0
-1107.0
-945.0
-1090.0
-1070.0
-994.0
-958.0
-967.0
-920.0
-955.0
-1087.0
-1003.0
-1034.0
-1192.0
-1224.0
-1079.0
-1047.0
-1209.0
-1278.0
-1273.0
-1250.0
-1300.0
-1315.0
-1403.0
-1442.0
-1195.0
-1151.0
-1140.0
-1227.0
-1141.0
-1202.0
-1134.0
-1183.0
-1032.0
-1131.0
-1072.0
-1123.0
-1246.0
-1173.0
-1158.0
-1150.0
-1156.0
-1070.0
-991.0
-902.0
-787.0
-645.0
-486.0
-507.0
-478.0
-446.0
-419.0
-348.0
-229.0
-130.0
-202.0
-208.0
-158.0
-116.0
-100.0
-95.0
-117.0
-234.0
-304.0
-239.0
-349.0
-486.0
-449.0
-349.0
-470.0
-477.0
-368.0
-190.0
-208.0
-219.0
-23.0
137.0
227.0
194.0
342.0
473.0
596.0
264.0
156.0
210.0
314.0
230.0
23.0
-84.0
-83.0
-80.0
-256.0
-210.0
-128.0
-58.0
31.0
-9.0
-47.0
-38.0
-78.0
10.0
191.0
-121.0
208.0
324.0
282.0
320.0
316.0
44.0
321.0
459.0
290.0
277.0
260.0
205.0
28.0
11.0
-233.0
-293.0
-132.0
-229.0
-211.0
-321.0
-455.0
-261.0
-246.0
-211.0
-277.0
-294.0
-321.0
-352.0
-464.0
-517.0
-573.0
-709.0
-677.0
-638.0
-670.0
-598.0
-573.0
-610.0
-661.0
-674.0
-652.0
-627.0
-615.0
-642.0
-708.0
-571.0
-367.0
-336.0
-423.0
-456.0
-452.0
-506.0
-535.0
-585.0
-517.0
-474.0
-440.0
-532.0
-448.0
-489.0
-786.0
-891.0
-811.0
-847.0
-698.0
-606.0
-648.0
-710.0
-798.0
-801.0
-818.0
-937.0
-1003.0
-915.0
-881.0
-670.0
-498.0
-480.0
-486.0
-620.0
-609.0
-445.0
-431.0
-471.0
-400.0
-449.0
-480.0
-433.0
-324.0
-197.0
-6.0
64.0
-76.0
10.0
125.0
69.0
267.0
544.0
557.0
504.0
511.0
758.0
736.0
897.0
957.0
826.0
676.0
657.0
509.0
299.0
305.0
249.0
370.0
439.0
405.0
487.0
615.0
769.0
763.0
792.0
906.0
852.0
924.0
922.0
890.0
752.0
650.0
576.0
543.0
570.0
581.0
508.0
488.0
453.0
408.0
405.0
353.0
426.0
385.0
297.0
271.0
221.0
144.0
30.0
-58.0
-119.0
-102.0
-118.0
-162.0
-197.0
-244.0
-212.0
-231.0
-148.0
-140.0
-184.0
-143.0
-58.0
-88.0
-202.0
-160.0
-94.0
-271.0
-190.0
-96.0
-20.0
-89.0
-207.0
-258.0
-329.0
-413.0
-459.0
-496.0
-634.0
-578.0
-635.0
-767.0
-595.0
-541.0
-673.0
-625.0
-423.0
-332.0
-375.0
-446.0
-482.0
-327.0
-188.0
-88.0
-204.0
-313.0
-375.0
-448.0
-691.0
-750.0
-933.0
-1053.0
-1080.0
-1131.0
-1133.0
-1123.0
-1068.0
-1060.0
-1104.0
-878.0
-929.0
-958.0
-891.0
-949.0
-933.0
-942.0
-880.0
-873.0
-761.0
-703.0
-692.0
-664.0
-695.0
-708.0
-694.0
-663.0
-715.0
-667.0
-654.0
-587.0
-588.0
-546.0
-462.0
-486.0
-399.0
-230.0
-58.0
138.0
206.0
209.0
435.0
562.0
563.0
464.0
344.0
152.0
3.0
-69.0
-37.0
83.0
105.0
149.0
96.0
225.0
122.0
167.0
277.0
302.0
290.0
448.0
424.0
402.0
442.0
426.0
441.0
359.0
322.0
198.0
168.0
198.0
190.0
238.0
293.0
259.0
311.0
345.0
224.0
255.0
324.0
180.0
163.0
62.0
131.0
116.0
97.0
74.0
-7.0
-94.0
-150.0
-175.0
-215.0
-210.0
-188.0
-93.0
-131.0
-239.0
-278.0
-416.0
-463.0
-439.0
-424.0
-520.0
-568.0
-646.0
-655.0
-734.0
-830.0
-945.0
-794.0
-792.0
-762.0
-672.0
-679.0
-390.0
-401.0
-387.0
-392.0
-364.0
-415.0
26.0
278.0
191.0
198.0
134.0
78.0
-58.0
-45.0
-159.0
-425.0
-557.0
-524.0
-381.0
-403.0
-491.0
-671.0
-623.0
-577.0
-417.0
-580.0
-772.0
-859.0
-1002.0
-981.0
-1115.0
-998.0
-763.0
-828.0
-971.0
-1021.0
-999.0
-997.0
-940.0
-1078.0
-968.0
-631.0
-797.0
-876.0
-982.0
-877.0
-501.0
-45.0
128.0
300.0
474.0
500.0
454.0
327.0
181.0
134.0
183.0
102.0
128.0
260.0
-30.0
-112.0
-83.0
-17.0
282.0
626.0
640.0
522.0
269.0
200.0
285.0
284.0
414.0
552.0
668.0
807.0
968.0
974.0
1051.0
1110.0
1085.0
1081.0
987.0
759.0
608.0
431.0
319.0
209.0
433.0
709.0
902.0
987.0
866.0
685.0
725.0
850.0
614.0
452.0
367.0
343.0
352.0
393.0
313.0
172.0
100.0
-27.0
-68.0
-86.0
78.0
38.0
86.0
281.0
332.0
278.0
211.0
283.0
120.0
-25.0
-11.0
-121.0
15.0
91.0
46.0
-164.0
-318.0
-265.0
-498.0
-458.0
-478.0
-578.0
-511.0
-541.0
-685.0
-823.0
-886.0
-944.0
-980.0
-888.0
-1052.0
-1117.0
-1238.0
-1339.0
-1298.0
-1228.0
-1235.0
-1108.0
-1006.0
-1154.0
-1298.0
-1213.0
-1271.0
-1168.0
-1222.0
-1281.0
-1276.0
-1165.0
-925.0
-1021.0
-1106.0
-1168.0
-1086.0
-957.0
-872.0
-736.0
-739.0
-657.0
-559.0
-430.0
-345.0
-344.0
-108.0
10.0
31.0
43.0
96.0
240.0
347.0
352.0
393.0
390.0
378.0
558.0
925.0
1119.0
1449.0
1561.0
1460.0
1277.0
1295.0
1393.0
1460.0
1555.0
1611.0
1630.0
1746.0
1819.0
1877.0
1827.0
1697.0
1605.0
1528.0
1562.0
1305.0
1042.0
785.0
653.0
503.0
552.0
495.0
448.0
428.0
299.0
235.0
347.0
352.0
235.0
305.0
336.0
278.0
205.0
82.0
92.0
185.0
208.0
275.0
327.0
359.0
395.0
195.0
151.0
239.0
73.0
-89.0
-138.0
-160.0
-145.0
-138.0
-184.0
-299.0
-390.0
-403.0
-474.0
-435.0
-343.0
-446.0
-392.0
-458.0
-557.0
-683.0
-754.0
-840.0
-935.0
-966.0
-958.0
-926.0
-774.0
-696.0
-649.0
-630.0
-533.0
-513.0
-484.0
-404.0
-319.0
-230.0
-160.0
-162.0
-125.0
-158.0
-180.0
-78.0
-136.0
-318.0
-319.0
-259.0
-215.0
-105.0
-114.0
-41.0
104.0
124.0
81.0
129.0
268.0
393.0
610.0
509.0
527.0
622.0
698.0
839.0
942.0
975.0
1034.0
1019.0
1154.0
1161.0
999.0
922.0
1016.0
1099.0
1272.0
1334.0
1297.0
1300.0
1194.0
1043.0
1104.0
1143.0
1131.0
1287.0
1376.0
1318.0
1371.0
1484.0
1619.0
1653.0
1773.0
1593.0
1545.0
1440.0
1373.0
1322.0
921.0
656.0
482.0
513.0
512.0
285.0
475.0
342.0
351.0
247.0
283.0
297.0
127.0
-11.0
-69.0
-118.0
-137.0
-152.0
-285.0
-502.0
-694.0
-471.0
-303.0
-228.0
-128.0
-96.0
-75.0
-31.0
-36.0
-35.0
-51.0
-140.0
-244.0
-250.0
-62.0
-149.0
-106.0
-140.0
-291.0
-419.0
-466.0
-533.0
-620.0
-701.0
-897.0
-987.0
-955.0
-887.0
-795.0
-876.0
-976.0
-956.0
-908.0
-850.0
-892.0
-932.0
-903.0
-964.0
-1004.0
-1047.0
-1068.0
-996.0
-1030.0
-995.0
-1049.0
-1055.0
-960.0
-910.0
-891.0
-960.0
-945.0
-887.0
-829.0
-811.0
-860.0
-984.0
-1084.0
-1155.0
-1132.0
-1029.0
-966.0
-892.0
-850.0
-844.0
-725.0
-703.0
-685.0
-660.0
-672.0
-563.0
-565.0
-500.0
-472.0
-360.0
-284.0
-218.0
-201.0
-251.0
-309.0
-333.0
-270.0
-214.0
-198.0
-147.0
-11.0
95.0
179.0
222.0
296.0
293.0
364.0
494.0
624.0
684.0
608.0
650.0
621.0
545.0
452.0
332.0
319.0
399.0
606.0
684.0
726.0
751.0
813.0
993.0
1043.0
855.0
774.0
823.0
825.0
667.0
609.0
629.0
544.0
474.0
548.0
674.0
671.0
678.0
659.0
510.0
372.0
306.0
308.0
156.0
16.0
-164.0
-264.0
-313.0
-289.0
-362.0
-296.0
-249.0
-290.0
-265.0
-295.0
-287.0
-241.0
-97.0
79.0
185.0
141.0
95.0
33.0
-8.0
-107.0
-109.0
-74.0
-91.0
-58.0
-131.0
-261.0
-318.0
-271.0
-269.0
-446.0
-419.0
-173.0
-92.0
-111.0
-44.0
-108.0
-223.0
-572.0
-503.0
-504.0
-637.0
-658.0
-827.0
-1106.0
-1245.0
-1078.0
-994.0
-1091.0
-1295.0
-1155.0
-1181.0
-1099.0
-1102.0
-1207.0
-1381.0
-1345.0
-1308.0
-1280.0
-1242.0
-1204.0
-1341.0
-1259.0
-1172.0
-1320.0
-1102.0
-1034.0
-1318.0
-1433.0
-962.0
-885.0
-1070.0
-877.0
-760.0
-796.0
-734.0
-737.0
-538.0
-597.0
-744.0
-754.0
-639.0
-513.0
-558.0
-547.0
-384.0
-393.0
-466.0
-328.0
-411.0
-503.0
-464.0
-497.0
-477.0
-455.0
-353.0
-136.0
89.0
36.0
29.0
181.0
274.0
258.0
376.0
380.0
242.0
324.0
309.0
320.0
473.0
679.0
731.0
584.0
511.0
618.0
684.0
579.0
550.0
563.0
721.0
903.0
992.0
999.0
995.0
977.0
944.0
941.0
897.0
786.0
844.0
958.0
973.0
951.0
705.0
630.0
617.0
595.0
713.0
1092.0
1115.0
864.0
621.0
345.0
320.0
19.0
-45.0
-156.0
-137.0
-136.0
-276.0
-269.0
-213.0
-291.0
-233.0
-169.0
-68.0
-10.0
137.0
245.0
286.0
340.0
230.0
291.0
340.0
276.0
195.0
124.0
77.0
-13.0
87.0
204.0
180.0
111.0
8.0
-71.0
-85.0
-14.0
-94.0
-160.0
-258.0
-302.0
-282.0
-246.0
-239.0
-378.0
-446.0
-449.0
-587.0
-701.0
-743.0
-785.0
-686.0
-634.0
-790.0
-678.0
-875.0
-871.0
-954.0
-1001.0
-1089.0
-1143.0
-1239.0
-1267.0
-1315.0
-1343.0
-1270.0
-1007.0
-895.0
-968.0
-925.0
-843.0
-976.0
-995.0
-1146.0
-1258.0
-1250.0
-1392.0
-1335.0
-1181.0
-1096.0
-1123.0
-1140.0
-1243.0
-1212.0
-1026.0
-998.0
-894.0
-895.0
-876.0
-747.0
-595.0
-530.0
-565.0
-520.0
-474.0
-377.0
-333.0
-179.0
-65.0
-15.0
61.0
40.0
16.0
-170.0
-210.0
59.0
236.0
331.0
443.0
535.0
741.0
880.0
1031.0
1069.0
1057.0
1147.0
1135.0
1118.0
1151.0
1330.0
1319.0
1262.0
1151.0
1081.0
1069.0
1228.0
1280.0
1379.0
1508.0
1383.0
1223.0
1083.0
1056.0
917.0
1053.0
953.0
929.0
811.0
765.0
534.0
451.0
480.0
344.0
186.0
79.0
202.0
322.0
280.0
150.0
136.0
353.0
333.0
240.0
207.0
302.0
373.0
390.0
305.0
278.0
288.0
410.0
339.0
277.0
202.0
8.0
-108.0
-90.0
76.0
80.0
51.0
67.0
61.0
178.0
179.0
143.0
220.0
286.0
326.0
411.0
486.0
644.0
611.0
429.0
119.0
150.0
107.0
24.0
-96.0
-384.0
-565.0
-660.0
-540.0
-603.0
-704.0
-661.0
-619.0
-668.0
-621.0
-779.0
-813.0
-838.0
-811.0
-748.0
-748.0
-773.0
-840.0
-766.0
-814.0
-774.0
-917.0
-979.0
-920.0
-917.0
-789.0
-875.0
-970.0
-996.0
-813.0
-788.0
-755.0
-807.0
-861.0
-907.0
-963.0
-995.0
-1144.0
-1123.0
-926.0
-799.0
-733.0
-821.0
-803.0
-765.0
-779.0
-871.0
-946.0
-931.0
-920.0
-862.0
-803.0
-953.0
-874.0
-656.0
-635.0
-525.0
-410.0
-236.0
-157.0
-16.0
129.0
181.0
112.0
-9.0
-18.0
-105.0
-161.0
-237.0
-241.0
-264.0
-185.0
6.0
111.0
215.0
226.0
268.0
293.0
320.0
453.0
545.0
571.0
748.0
898.0
1023.0
1033.0
1048.0
1181.0
1286.0
1343.0
1408.0
1462.0
1548.0
1582.0
1469.0
1468.0
1458.0
1396.0
1362.0
1441.0
1631.0
1593.0
1540.0
1507.0
1425.0
1315.0
1191.0
1246.0
1235.0
1151.0
990.0
1004.0
1084.0
1043.0
1011.0
907.0
830.0
746.0
711.0
689.0
777.0
769.0
738.0
735.0
803.0
853.0
891.0
976.0
1074.0
1124.0
1122.0
1134.0
1178.0
1111.0
985.0
1016.0
1034.0
871.0
844.0
794.0
665.0
499.0
383.0
314.0
218.0
155.0
62.0
25.0
43.0
-14.0
-63.0
-134.0
-115.0
-163.0
-71.0
-45.0
-181.0
-276.0
-437.0
-428.0
-342.0
-429.0
-464.0
-460.0
-415.0
-446.0
-401.0
-385.0
-426.0
-483.0
-480.0
-555.0
-435.0
-321.0
-260.0
-343.0
-447.0
-428.0
-453.0
-286.0
-267.0
-239.0
-302.0
-130.0
-86.0
-53.0
-16.0
-23.0
299.0
341.0
350.0
491.0
539.0
465.0
659.0
610.0
731.0
801.0
928.0
1069.0
1147.0
1205.0
1334.0
1309.0
1512.0
1702.0
1727.0
1790.0
1852.0
1888.0
1952.0
1957.0
1917.0
1817.0
1802.0
1753.0
1799.0
1805.0
1740.0
1737.0
1750.0
1760.0
1770.0
1782.0
1709.0
1687.0
1772.0
1633.0
1579.0
1562.0
1569.0
1429.0
1491.0
1657.0
1686.0
1708.0
1702.0
1661.0
1696.0
1768.0
1764.0
1573.0
1577.0
1495.0
1440.0
1533.0
1475.0
1465.0
1587.0
1633.0
1649.0
1543.0
1597.0
1636.0
1364.0
1234.0
1208.0
1158.0
1230.0
1186.0
1129.0
895.0
785.0
750.0
688.0
695.0
647.0
654.0
725.0
739.0
748.0
678.0
718.0
761.0
667.0
597.0
574.0
464.0
465.0
523.0
532.0
561.0
410.0
388.0
317.0
308.0
268.0
139.0
-29.0
-115.0
-113.0
-172.0
-89.0
-63.0
-69.0
-182.0
-305.0
-463.0
-448.0
-470.0
-522.0
-500.0
-522.0
-554.0
-560.0
-528.0
-543.0
-680.0
-731.0
-665.0
-622.0
-701.0
-647.0
-524.0
-434.0
-429.0
-492.0
-440.0
-408.0
-288.0
-247.0
-266.0
-212.0
-191.0
-185.0
-189.0
-149.0
-131.0
-121.0
-110.0
-106.0
19.0
108.0
41.0
-28.0
-109.0
-78.0
-16.0
8.0
4.0
6.0
47.0
102.0
182.0
222.0
270.0
185.0
223.0
283.0
189.0
195.0
154.0
100.0
167.0
221.0
267.0
372.0
413.0
493.0
574.0
724.0
817.0
922.0
935.0
989.0
1038.0
1031.0
1118.0
1239.0
1346.0
1336.0
1327.0
1182.0
1064.0
982.0
964.0
1052.0
1213.0
1223.0
1129.0
920.0
711.0
699.0
772.0
559.0
438.0
448.0
460.0
596.0
798.0
794.0
794.0
868.0
946.0
945.0
935.0
923.0
839.0
797.0
762.0
566.0
432.0
397.0
399.0
463.0
515.0
410.0
298.0
202.0
286.0
315.0
467.0
320.0
210.0
204.0
219.0
271.0
364.0
442.0
509.0
491.0
405.0
453.0
275.0
86.0
54.0
-13.0
-117.0
-321.0
-533.0
-555.0
-425.0
-356.0
-384.0
-540.0
-583.0
-511.0
-486.0
-338.0
-323.0
-362.0
-419.0
-590.0
-701.0
-729.0
-705.0
-715.0
-792.0
-854.0
-738.0
-546.0
-340.0
-250.0
-253.0
-374.0
-243.0
-214.0
-342.0
-472.0
-309.0
-269.0
-284.0
-309.0
-365.0
-204.0
-11.0
-130.0
-195.0
-12.0
14.0
81.0
197.0
260.0
362.0
471.0
536.0
607.0
729.0
687.0
762.0
926.0
973.0
876.0
1118.0
1466.0
1543.0
1612.0
1787.0
1845.0
2114.0
2115.0
2007.0
1905.0
1658.0
1474.0
1585.0
1586.0
1642.0
1570.0
1486.0
1498.0
1447.0
1486.0
1510.0
1429.0
1291.0
1362.0
1301.0
1216.0
1181.0
1146.0
1143.0
1073.0
976.0
970.0
937.0
855.0
728.0
683.0
661.0
614.0
672.0
755.0
904.0
841.0
688.0
597.0
748.0
860.0
812.0
793.0
899.0
1008.0
1041.0
932.0
862.0
675.0
634.0
600.0
517.0
627.0
506.0
384.0
403.0
442.0
502.0
530.0
501.0
387.0
233.0
147.0
59.0
6.0
-140.0
-203.0
26.0
71.0
57.0
0.0
-84.0
-19.0
-50.0
-123.0
-235.0
-276.0
-482.0
-638.0
-675.0
-604.0
-450.0
-213.0
-216.0
-153.0
-184.0
-296.0
-308.0
-340.0
-349.0
-265.0
-325.0
-384.0
-201.0
-285.0
-366.0
19.0
22.0
-58.0
-148.0
-227.0
-354.0
-265.0
-207.0
-111.0
3.0
47.0
104.0
282.0
336.0
657.0
884.0
907.0
840.0
760.0
744.0
772.0
763.0
835.0
821.0
800.0
966.0
1125.0
1189.0
1344.0
1392.0
1342.0
1202.0
1161.0
